tick,total,susceptible,infected,immune,pct_infected,pct_immune
0,150,140,10,0,6.6667,0.0000
1,153,143,10,0,6.5359,0.0000
2,154,142,12,0,7.7922,0.0000
3,155,142,13,0,8.3871,0.0000
4,155,142,13,0,8.3871,0.0000
5,157,142,15,0,9.5541,0.0000
6,158,141,17,0,10.7595,0.0000
7,160,141,19,0,11.8750,0.0000
8,161,139,22,0,13.6646,0.0000
9,162,139,23,0,14.1975,0.0000
10,163,140,23,0,14.1104,0.0000
11,162,143,13,6,8.0247,3.7037
12,165,146,12,7,7.2727,4.2424
13,167,147,11,9,6.5868,5.3892
14,170,150,11,9,6.4706,5.2941
15,171,150,11,10,6.4327,5.8480
16,170,150,9,11,5.2941,6.4706
17,171,152,7,12,4.0936,7.0175
18,176,157,6,13,3.4091,7.3864
19,180,162,2,16,1.1111,8.8889
20,181,163,2,16,1.1050,8.8398
21,183,165,2,16,1.0929,8.7432
22,183,165,2,16,1.0929,8.7432
23,185,167,1,17,0.5405,9.1892
24,186,168,1,17,0.5376,9.1398
25,187,169,0,18,0.0000,9.6257
26,187,169,0,18,0.0000,9.6257
27,187,169,0,18,0.0000,9.6257
28,189,171,0,18,0.0000,9.5238
29,191,173,0,18,0.0000,9.4241
30,195,177,0,18,0.0000,9.2308
31,196,178,0,18,0.0000,9.1837
32,197,179,0,18,0.0000,9.1371
33,200,182,0,18,0.0000,9.0000
34,204,186,0,18,0.0000,8.8235
35,206,188,0,18,0.0000,8.7379
36,207,189,0,18,0.0000,8.6957
37,209,191,0,18,0.0000,8.6124
38,213,195,0,18,0.0000,8.4507
39,214,196,0,18,0.0000,8.4112
40,215,197,0,18,0.0000,8.3721
41,218,200,0,18,0.0000,8.2569
42,223,205,0,18,0.0000,8.0717
43,226,208,0,18,0.0000,7.9646
44,227,209,0,18,0.0000,7.9295
45,228,210,0,18,0.0000,7.8947
46,229,211,0,18,0.0000,7.8603
47,231,213,0,18,0.0000,7.7922
48,232,214,0,18,0.0000,7.7586
49,234,216,0,18,0.0000,7.6923
50,236,218,0,18,0.0000,7.6271
51,239,221,0,18,0.0000,7.5314
52,240,222,0,18,0.0000,7.5000
53,241,223,0,18,0.0000,7.4689
54,246,228,0,18,0.0000,7.3171
55,250,232,0,18,0.0000,7.2000
56,252,234,0,18,0.0000,7.1429
57,255,237,0,18,0.0000,7.0588
58,256,238,0,18,0.0000,7.0312
59,258,240,0,18,0.0000,6.9767
60,261,243,0,18,0.0000,6.8966
61,266,248,0,18,0.0000,6.7669
62,270,252,0,18,0.0000,6.6667
63,272,260,0,12,0.0000,4.4118
64,272,261,0,11,0.0000,4.0441
65,275,266,0,9,0.0000,3.2727
66,279,270,0,9,0.0000,3.2258
67,283,275,0,8,0.0000,2.8269
68,286,279,0,7,0.0000,2.4476
69,290,284,0,6,0.0000,2.0690
70,295,290,0,5,0.0000,1.6949
71,296,294,0,2,0.0000,0.6757
72,299,297,0,2,0.0000,0.6689
73,299,297,0,2,0.0000,0.6689
74,305,303,0,2,0.0000,0.6557
75,305,304,0,1,0.0000,0.3279
76,305,304,0,1,0.0000,0.3279
77,305,305,0,0,0.0000,0.0000
78,305,305,0,0,0.0000,0.0000
79,305,305,0,0,0.0000,0.0000
80,305,305,0,0,0.0000,0.0000
81,305,305,0,0,0.0000,0.0000
82,305,305,0,0,0.0000,0.0000
83,305,305,0,0,0.0000,0.0000
84,305,305,0,0,0.0000,0.0000
85,305,305,0,0,0.0000,0.0000
86,305,305,0,0,0.0000,0.0000
87,305,305,0,0,0.0000,0.0000
88,305,305,0,0,0.0000,0.0000
89,305,305,0,0,0.0000,0.0000
90,305,305,0,0,0.0000,0.0000
91,305,305,0,0,0.0000,0.0000
92,305,305,0,0,0.0000,0.0000
93,305,305,0,0,0.0000,0.0000
94,305,305,0,0,0.0000,0.0000
95,305,305,0,0,0.0000,0.0000
96,305,305,0,0,0.0000,0.0000
97,305,305,0,0,0.0000,0.0000
98,305,305,0,0,0.0000,0.0000
99,305,305,0,0,0.0000,0.0000
100,305,305,0,0,0.0000,0.0000
101,305,305,0,0,0.0000,0.0000
102,305,305,0,0,0.0000,0.0000
103,305,305,0,0,0.0000,0.0000
104,305,305,0,0,0.0000,0.0000
105,305,305,0,0,0.0000,0.0000
106,305,305,0,0,0.0000,0.0000
107,305,305,0,0,0.0000,0.0000
108,305,305,0,0,0.0000,0.0000
109,305,305,0,0,0.0000,0.0000
110,305,305,0,0,0.0000,0.0000
111,305,305,0,0,0.0000,0.0000
112,305,305,0,0,0.0000,0.0000
113,305,305,0,0,0.0000,0.0000
114,305,305,0,0,0.0000,0.0000
115,305,305,0,0,0.0000,0.0000
116,305,305,0,0,0.0000,0.0000
117,305,305,0,0,0.0000,0.0000
118,305,305,0,0,0.0000,0.0000
119,305,305,0,0,0.0000,0.0000
120,305,305,0,0,0.0000,0.0000
121,305,305,0,0,0.0000,0.0000
122,305,305,0,0,0.0000,0.0000
123,305,305,0,0,0.0000,0.0000
124,305,305,0,0,0.0000,0.0000
125,305,305,0,0,0.0000,0.0000
126,305,305,0,0,0.0000,0.0000
127,305,305,0,0,0.0000,0.0000
128,304,304,0,0,0.0000,0.0000
129,304,304,0,0,0.0000,0.0000
130,304,304,0,0,0.0000,0.0000
131,304,304,0,0,0.0000,0.0000
132,304,304,0,0,0.0000,0.0000
133,304,304,0,0,0.0000,0.0000
134,304,304,0,0,0.0000,0.0000
135,304,304,0,0,0.0000,0.0000
136,304,304,0,0,0.0000,0.0000
137,304,304,0,0,0.0000,0.0000
138,304,304,0,0,0.0000,0.0000
139,304,304,0,0,0.0000,0.0000
140,304,304,0,0,0.0000,0.0000
141,303,303,0,0,0.0000,0.0000
142,303,303,0,0,0.0000,0.0000
143,303,303,0,0,0.0000,0.0000
144,303,303,0,0,0.0000,0.0000
145,303,303,0,0,0.0000,0.0000
146,303,303,0,0,0.0000,0.0000
147,303,303,0,0,0.0000,0.0000
148,303,303,0,0,0.0000,0.0000
149,303,303,0,0,0.0000,0.0000
150,303,303,0,0,0.0000,0.0000
151,303,303,0,0,0.0000,0.0000
152,303,303,0,0,0.0000,0.0000
153,303,303,0,0,0.0000,0.0000
154,303,303,0,0,0.0000,0.0000
155,303,303,0,0,0.0000,0.0000
156,303,303,0,0,0.0000,0.0000
157,303,303,0,0,0.0000,0.0000
158,303,303,0,0,0.0000,0.0000
159,303,303,0,0,0.0000,0.0000
160,303,303,0,0,0.0000,0.0000
161,302,302,0,0,0.0000,0.0000
162,302,302,0,0,0.0000,0.0000
163,302,302,0,0,0.0000,0.0000
164,302,302,0,0,0.0000,0.0000
165,302,302,0,0,0.0000,0.0000
166,302,302,0,0,0.0000,0.0000
167,302,302,0,0,0.0000,0.0000
168,302,302,0,0,0.0000,0.0000
169,301,301,0,0,0.0000,0.0000
170,301,301,0,0,0.0000,0.0000
171,301,301,0,0,0.0000,0.0000
172,301,301,0,0,0.0000,0.0000
173,301,301,0,0,0.0000,0.0000
174,301,301,0,0,0.0000,0.0000
175,301,301,0,0,0.0000,0.0000
176,301,301,0,0,0.0000,0.0000
177,301,301,0,0,0.0000,0.0000
178,301,301,0,0,0.0000,0.0000
179,301,301,0,0,0.0000,0.0000
180,301,301,0,0,0.0000,0.0000
181,301,301,0,0,0.0000,0.0000
182,300,300,0,0,0.0000,0.0000
183,300,300,0,0,0.0000,0.0000
184,300,300,0,0,0.0000,0.0000
185,300,300,0,0,0.0000,0.0000
186,300,300,0,0,0.0000,0.0000
187,300,300,0,0,0.0000,0.0000
188,300,300,0,0,0.0000,0.0000
189,300,300,0,0,0.0000,0.0000
190,300,300,0,0,0.0000,0.0000
191,300,300,0,0,0.0000,0.0000
192,300,300,0,0,0.0000,0.0000
193,300,300,0,0,0.0000,0.0000
194,300,300,0,0,0.0000,0.0000
195,299,299,0,0,0.0000,0.0000
196,302,302,0,0,0.0000,0.0000
197,302,302,0,0,0.0000,0.0000
198,302,302,0,0,0.0000,0.0000
199,302,302,0,0,0.0000,0.0000
200,302,302,0,0,0.0000,0.0000
201,301,301,0,0,0.0000,0.0000
202,301,301,0,0,0.0000,0.0000
203,301,301,0,0,0.0000,0.0000
204,301,301,0,0,0.0000,0.0000
205,301,301,0,0,0.0000,0.0000
206,301,301,0,0,0.0000,0.0000
207,301,301,0,0,0.0000,0.0000
208,301,301,0,0,0.0000,0.0000
209,301,301,0,0,0.0000,0.0000
210,301,301,0,0,0.0000,0.0000
211,301,301,0,0,0.0000,0.0000
212,301,301,0,0,0.0000,0.0000
213,301,301,0,0,0.0000,0.0000
214,301,301,0,0,0.0000,0.0000
215,301,301,0,0,0.0000,0.0000
216,301,301,0,0,0.0000,0.0000
217,301,301,0,0,0.0000,0.0000
218,301,301,0,0,0.0000,0.0000
219,301,301,0,0,0.0000,0.0000
220,301,301,0,0,0.0000,0.0000
221,301,301,0,0,0.0000,0.0000
222,301,301,0,0,0.0000,0.0000
223,301,301,0,0,0.0000,0.0000
224,301,301,0,0,0.0000,0.0000
225,301,301,0,0,0.0000,0.0000
226,301,301,0,0,0.0000,0.0000
227,301,301,0,0,0.0000,0.0000
228,301,301,0,0,0.0000,0.0000
229,301,301,0,0,0.0000,0.0000
230,301,301,0,0,0.0000,0.0000
231,301,301,0,0,0.0000,0.0000
232,301,301,0,0,0.0000,0.0000
233,301,301,0,0,0.0000,0.0000
234,301,301,0,0,0.0000,0.0000
235,301,301,0,0,0.0000,0.0000
236,301,301,0,0,0.0000,0.0000
237,301,301,0,0,0.0000,0.0000
238,300,300,0,0,0.0000,0.0000
239,300,300,0,0,0.0000,0.0000
240,300,300,0,0,0.0000,0.0000
241,300,300,0,0,0.0000,0.0000
242,300,300,0,0,0.0000,0.0000
243,300,300,0,0,0.0000,0.0000
244,300,300,0,0,0.0000,0.0000
245,300,300,0,0,0.0000,0.0000
246,300,300,0,0,0.0000,0.0000
247,300,300,0,0,0.0000,0.0000
248,300,300,0,0,0.0000,0.0000
249,300,300,0,0,0.0000,0.0000
250,300,300,0,0,0.0000,0.0000
251,300,300,0,0,0.0000,0.0000
252,300,300,0,0,0.0000,0.0000
253,300,300,0,0,0.0000,0.0000
254,300,300,0,0,0.0000,0.0000
255,300,300,0,0,0.0000,0.0000
256,300,300,0,0,0.0000,0.0000
257,300,300,0,0,0.0000,0.0000
258,300,300,0,0,0.0000,0.0000
259,300,300,0,0,0.0000,0.0000
260,300,300,0,0,0.0000,0.0000
261,300,300,0,0,0.0000,0.0000
262,300,300,0,0,0.0000,0.0000
263,300,300,0,0,0.0000,0.0000
264,300,300,0,0,0.0000,0.0000
265,300,300,0,0,0.0000,0.0000
266,300,300,0,0,0.0000,0.0000
267,300,300,0,0,0.0000,0.0000
268,300,300,0,0,0.0000,0.0000
269,300,300,0,0,0.0000,0.0000
270,300,300,0,0,0.0000,0.0000
271,300,300,0,0,0.0000,0.0000
272,299,299,0,0,0.0000,0.0000
273,300,300,0,0,0.0000,0.0000
274,300,300,0,0,0.0000,0.0000
275,300,300,0,0,0.0000,0.0000
276,300,300,0,0,0.0000,0.0000
277,300,300,0,0,0.0000,0.0000
278,300,300,0,0,0.0000,0.0000
279,300,300,0,0,0.0000,0.0000
280,300,300,0,0,0.0000,0.0000
281,300,300,0,0,0.0000,0.0000
282,300,300,0,0,0.0000,0.0000
283,300,300,0,0,0.0000,0.0000
284,300,300,0,0,0.0000,0.0000
285,300,300,0,0,0.0000,0.0000
286,300,300,0,0,0.0000,0.0000
287,300,300,0,0,0.0000,0.0000
288,300,300,0,0,0.0000,0.0000
289,300,300,0,0,0.0000,0.0000
290,300,300,0,0,0.0000,0.0000
291,299,299,0,0,0.0000,0.0000
292,303,303,0,0,0.0000,0.0000
293,303,303,0,0,0.0000,0.0000
294,303,303,0,0,0.0000,0.0000
295,303,303,0,0,0.0000,0.0000
296,303,303,0,0,0.0000,0.0000
297,303,303,0,0,0.0000,0.0000
298,303,303,0,0,0.0000,0.0000
299,303,303,0,0,0.0000,0.0000
300,303,303,0,0,0.0000,0.0000
301,303,303,0,0,0.0000,0.0000
302,303,303,0,0,0.0000,0.0000
303,303,303,0,0,0.0000,0.0000
304,303,303,0,0,0.0000,0.0000
305,303,303,0,0,0.0000,0.0000
306,303,303,0,0,0.0000,0.0000
307,303,303,0,0,0.0000,0.0000
308,303,303,0,0,0.0000,0.0000
309,303,303,0,0,0.0000,0.0000
310,303,303,0,0,0.0000,0.0000
311,303,303,0,0,0.0000,0.0000
312,303,303,0,0,0.0000,0.0000
313,303,303,0,0,0.0000,0.0000
314,303,303,0,0,0.0000,0.0000
315,303,303,0,0,0.0000,0.0000
316,303,303,0,0,0.0000,0.0000
317,303,303,0,0,0.0000,0.0000
318,303,303,0,0,0.0000,0.0000
319,303,303,0,0,0.0000,0.0000
320,303,303,0,0,0.0000,0.0000
321,303,303,0,0,0.0000,0.0000
322,303,303,0,0,0.0000,0.0000
323,303,303,0,0,0.0000,0.0000
324,303,303,0,0,0.0000,0.0000
325,303,303,0,0,0.0000,0.0000
326,303,303,0,0,0.0000,0.0000
327,303,303,0,0,0.0000,0.0000
328,303,303,0,0,0.0000,0.0000
329,302,302,0,0,0.0000,0.0000
330,301,301,0,0,0.0000,0.0000
331,301,301,0,0,0.0000,0.0000
332,301,301,0,0,0.0000,0.0000
333,301,301,0,0,0.0000,0.0000
334,301,301,0,0,0.0000,0.0000
335,301,301,0,0,0.0000,0.0000
336,301,301,0,0,0.0000,0.0000
337,301,301,0,0,0.0000,0.0000
338,301,301,0,0,0.0000,0.0000
339,301,301,0,0,0.0000,0.0000
340,301,301,0,0,0.0000,0.0000
341,301,301,0,0,0.0000,0.0000
342,301,301,0,0,0.0000,0.0000
343,301,301,0,0,0.0000,0.0000
344,301,301,0,0,0.0000,0.0000
345,301,301,0,0,0.0000,0.0000
346,301,301,0,0,0.0000,0.0000
347,301,301,0,0,0.0000,0.0000
348,301,301,0,0,0.0000,0.0000
349,301,301,0,0,0.0000,0.0000
350,301,301,0,0,0.0000,0.0000
351,301,301,0,0,0.0000,0.0000
352,301,301,0,0,0.0000,0.0000
353,300,300,0,0,0.0000,0.0000
354,300,300,0,0,0.0000,0.0000
355,300,300,0,0,0.0000,0.0000
356,300,300,0,0,0.0000,0.0000
357,300,300,0,0,0.0000,0.0000
358,300,300,0,0,0.0000,0.0000
359,300,300,0,0,0.0000,0.0000
360,299,299,0,0,0.0000,0.0000
361,301,301,0,0,0.0000,0.0000
362,301,301,0,0,0.0000,0.0000
363,301,301,0,0,0.0000,0.0000
364,301,301,0,0,0.0000,0.0000
365,301,301,0,0,0.0000,0.0000
366,301,301,0,0,0.0000,0.0000
367,301,301,0,0,0.0000,0.0000
368,301,301,0,0,0.0000,0.0000
369,301,301,0,0,0.0000,0.0000
370,301,301,0,0,0.0000,0.0000
371,301,301,0,0,0.0000,0.0000
372,301,301,0,0,0.0000,0.0000
373,301,301,0,0,0.0000,0.0000
374,301,301,0,0,0.0000,0.0000
375,301,301,0,0,0.0000,0.0000
376,301,301,0,0,0.0000,0.0000
377,301,301,0,0,0.0000,0.0000
378,301,301,0,0,0.0000,0.0000
379,301,301,0,0,0.0000,0.0000
380,301,301,0,0,0.0000,0.0000
381,300,300,0,0,0.0000,0.0000
382,300,300,0,0,0.0000,0.0000
383,300,300,0,0,0.0000,0.0000
384,300,300,0,0,0.0000,0.0000
385,300,300,0,0,0.0000,0.0000
386,300,300,0,0,0.0000,0.0000
387,300,300,0,0,0.0000,0.0000
388,300,300,0,0,0.0000,0.0000
389,300,300,0,0,0.0000,0.0000
390,300,300,0,0,0.0000,0.0000
391,300,300,0,0,0.0000,0.0000
392,299,299,0,0,0.0000,0.0000
393,302,302,0,0,0.0000,0.0000
394,302,302,0,0,0.0000,0.0000
395,302,302,0,0,0.0000,0.0000
396,302,302,0,0,0.0000,0.0000
397,302,302,0,0,0.0000,0.0000
398,302,302,0,0,0.0000,0.0000
399,302,302,0,0,0.0000,0.0000
400,302,302,0,0,0.0000,0.0000
401,302,302,0,0,0.0000,0.0000
402,302,302,0,0,0.0000,0.0000
403,302,302,0,0,0.0000,0.0000
404,302,302,0,0,0.0000,0.0000
405,302,302,0,0,0.0000,0.0000
406,302,302,0,0,0.0000,0.0000
407,302,302,0,0,0.0000,0.0000
408,302,302,0,0,0.0000,0.0000
409,302,302,0,0,0.0000,0.0000
410,302,302,0,0,0.0000,0.0000
411,302,302,0,0,0.0000,0.0000
412,302,302,0,0,0.0000,0.0000
413,302,302,0,0,0.0000,0.0000
414,302,302,0,0,0.0000,0.0000
415,302,302,0,0,0.0000,0.0000
416,302,302,0,0,0.0000,0.0000
417,302,302,0,0,0.0000,0.0000
418,302,302,0,0,0.0000,0.0000
419,302,302,0,0,0.0000,0.0000
420,301,301,0,0,0.0000,0.0000
421,301,301,0,0,0.0000,0.0000
422,301,301,0,0,0.0000,0.0000
423,301,301,0,0,0.0000,0.0000
424,301,301,0,0,0.0000,0.0000
425,301,301,0,0,0.0000,0.0000
426,301,301,0,0,0.0000,0.0000
427,301,301,0,0,0.0000,0.0000
428,301,301,0,0,0.0000,0.0000
429,301,301,0,0,0.0000,0.0000
430,300,300,0,0,0.0000,0.0000
431,300,300,0,0,0.0000,0.0000
432,300,300,0,0,0.0000,0.0000
433,299,299,0,0,0.0000,0.0000
434,302,302,0,0,0.0000,0.0000
435,302,302,0,0,0.0000,0.0000
436,302,302,0,0,0.0000,0.0000
437,302,302,0,0,0.0000,0.0000
438,302,302,0,0,0.0000,0.0000
439,302,302,0,0,0.0000,0.0000
440,302,302,0,0,0.0000,0.0000
441,302,302,0,0,0.0000,0.0000
442,302,302,0,0,0.0000,0.0000
443,302,302,0,0,0.0000,0.0000
444,302,302,0,0,0.0000,0.0000
445,302,302,0,0,0.0000,0.0000
446,302,302,0,0,0.0000,0.0000
447,302,302,0,0,0.0000,0.0000
448,302,302,0,0,0.0000,0.0000
449,302,302,0,0,0.0000,0.0000
450,302,302,0,0,0.0000,0.0000
451,302,302,0,0,0.0000,0.0000
452,302,302,0,0,0.0000,0.0000
453,302,302,0,0,0.0000,0.0000
454,302,302,0,0,0.0000,0.0000
455,302,302,0,0,0.0000,0.0000
456,302,302,0,0,0.0000,0.0000
457,302,302,0,0,0.0000,0.0000
458,302,302,0,0,0.0000,0.0000
459,302,302,0,0,0.0000,0.0000
460,302,302,0,0,0.0000,0.0000
461,302,302,0,0,0.0000,0.0000
462,302,302,0,0,0.0000,0.0000
463,302,302,0,0,0.0000,0.0000
464,302,302,0,0,0.0000,0.0000
465,302,302,0,0,0.0000,0.0000
466,302,302,0,0,0.0000,0.0000
467,302,302,0,0,0.0000,0.0000
468,302,302,0,0,0.0000,0.0000
469,302,302,0,0,0.0000,0.0000
470,302,302,0,0,0.0000,0.0000
471,302,302,0,0,0.0000,0.0000
472,302,302,0,0,0.0000,0.0000
473,302,302,0,0,0.0000,0.0000
474,302,302,0,0,0.0000,0.0000
475,302,302,0,0,0.0000,0.0000
476,301,301,0,0,0.0000,0.0000
477,301,301,0,0,0.0000,0.0000
478,301,301,0,0,0.0000,0.0000
479,301,301,0,0,0.0000,0.0000
480,301,301,0,0,0.0000,0.0000
481,301,301,0,0,0.0000,0.0000
482,301,301,0,0,0.0000,0.0000
483,301,301,0,0,0.0000,0.0000
484,301,301,0,0,0.0000,0.0000
485,301,301,0,0,0.0000,0.0000
486,301,301,0,0,0.0000,0.0000
487,301,301,0,0,0.0000,0.0000
488,301,301,0,0,0.0000,0.0000
489,301,301,0,0,0.0000,0.0000
490,301,301,0,0,0.0000,0.0000
491,301,301,0,0,0.0000,0.0000
492,301,301,0,0,0.0000,0.0000
493,301,301,0,0,0.0000,0.0000
494,301,301,0,0,0.0000,0.0000
495,301,301,0,0,0.0000,0.0000
496,301,301,0,0,0.0000,0.0000
497,301,301,0,0,0.0000,0.0000
498,301,301,0,0,0.0000,0.0000
499,301,301,0,0,0.0000,0.0000
500,301,301,0,0,0.0000,0.0000
501,301,301,0,0,0.0000,0.0000
502,301,301,0,0,0.0000,0.0000
503,301,301,0,0,0.0000,0.0000
504,301,301,0,0,0.0000,0.0000
505,301,301,0,0,0.0000,0.0000
506,301,301,0,0,0.0000,0.0000
507,301,301,0,0,0.0000,0.0000
508,301,301,0,0,0.0000,0.0000
509,301,301,0,0,0.0000,0.0000
510,301,301,0,0,0.0000,0.0000
511,301,301,0,0,0.0000,0.0000
512,301,301,0,0,0.0000,0.0000
513,301,301,0,0,0.0000,0.0000
514,301,301,0,0,0.0000,0.0000
515,301,301,0,0,0.0000,0.0000
516,301,301,0,0,0.0000,0.0000
517,301,301,0,0,0.0000,0.0000
518,300,300,0,0,0.0000,0.0000
519,300,300,0,0,0.0000,0.0000
520,300,300,0,0,0.0000,0.0000
521,300,300,0,0,0.0000,0.0000
522,300,300,0,0,0.0000,0.0000
523,300,300,0,0,0.0000,0.0000
524,300,300,0,0,0.0000,0.0000
525,300,300,0,0,0.0000,0.0000
526,300,300,0,0,0.0000,0.0000
527,299,299,0,0,0.0000,0.0000
528,302,302,0,0,0.0000,0.0000
529,302,302,0,0,0.0000,0.0000
530,302,302,0,0,0.0000,0.0000
531,302,302,0,0,0.0000,0.0000
532,302,302,0,0,0.0000,0.0000
533,302,302,0,0,0.0000,0.0000
534,302,302,0,0,0.0000,0.0000
535,302,302,0,0,0.0000,0.0000
536,302,302,0,0,0.0000,0.0000
537,302,302,0,0,0.0000,0.0000
538,302,302,0,0,0.0000,0.0000
539,302,302,0,0,0.0000,0.0000
540,302,302,0,0,0.0000,0.0000
541,302,302,0,0,0.0000,0.0000
542,301,301,0,0,0.0000,0.0000
543,301,301,0,0,0.0000,0.0000
544,301,301,0,0,0.0000,0.0000
545,301,301,0,0,0.0000,0.0000
546,301,301,0,0,0.0000,0.0000
547,301,301,0,0,0.0000,0.0000
548,301,301,0,0,0.0000,0.0000
549,301,301,0,0,0.0000,0.0000
550,301,301,0,0,0.0000,0.0000
551,301,301,0,0,0.0000,0.0000
552,301,301,0,0,0.0000,0.0000
553,301,301,0,0,0.0000,0.0000
554,301,301,0,0,0.0000,0.0000
555,301,301,0,0,0.0000,0.0000
556,301,301,0,0,0.0000,0.0000
557,301,301,0,0,0.0000,0.0000
558,301,301,0,0,0.0000,0.0000
559,301,301,0,0,0.0000,0.0000
560,301,301,0,0,0.0000,0.0000
561,301,301,0,0,0.0000,0.0000
562,301,301,0,0,0.0000,0.0000
563,301,301,0,0,0.0000,0.0000
564,301,301,0,0,0.0000,0.0000
565,301,301,0,0,0.0000,0.0000
566,301,301,0,0,0.0000,0.0000
567,301,301,0,0,0.0000,0.0000
568,301,301,0,0,0.0000,0.0000
569,300,300,0,0,0.0000,0.0000
570,300,300,0,0,0.0000,0.0000
571,300,300,0,0,0.0000,0.0000
572,300,300,0,0,0.0000,0.0000
573,300,300,0,0,0.0000,0.0000
574,300,300,0,0,0.0000,0.0000
575,300,300,0,0,0.0000,0.0000
576,300,300,0,0,0.0000,0.0000
577,300,300,0,0,0.0000,0.0000
578,300,300,0,0,0.0000,0.0000
579,300,300,0,0,0.0000,0.0000
580,299,299,0,0,0.0000,0.0000
581,302,302,0,0,0.0000,0.0000
582,302,302,0,0,0.0000,0.0000
583,302,302,0,0,0.0000,0.0000
584,302,302,0,0,0.0000,0.0000
585,302,302,0,0,0.0000,0.0000
586,302,302,0,0,0.0000,0.0000
587,302,302,0,0,0.0000,0.0000
588,302,302,0,0,0.0000,0.0000
589,301,301,0,0,0.0000,0.0000
590,301,301,0,0,0.0000,0.0000
591,301,301,0,0,0.0000,0.0000
592,301,301,0,0,0.0000,0.0000
593,301,301,0,0,0.0000,0.0000
594,301,301,0,0,0.0000,0.0000
595,301,301,0,0,0.0000,0.0000
596,301,301,0,0,0.0000,0.0000
597,301,301,0,0,0.0000,0.0000
598,301,301,0,0,0.0000,0.0000
599,301,301,0,0,0.0000,0.0000
600,301,301,0,0,0.0000,0.0000
601,301,301,0,0,0.0000,0.0000
602,301,301,0,0,0.0000,0.0000
603,301,301,0,0,0.0000,0.0000
604,301,301,0,0,0.0000,0.0000
605,301,301,0,0,0.0000,0.0000
606,301,301,0,0,0.0000,0.0000
607,301,301,0,0,0.0000,0.0000
608,301,301,0,0,0.0000,0.0000
609,301,301,0,0,0.0000,0.0000
610,301,301,0,0,0.0000,0.0000
611,301,301,0,0,0.0000,0.0000
612,301,301,0,0,0.0000,0.0000
613,301,301,0,0,0.0000,0.0000
614,301,301,0,0,0.0000,0.0000
615,301,301,0,0,0.0000,0.0000
616,301,301,0,0,0.0000,0.0000
617,301,301,0,0,0.0000,0.0000
618,301,301,0,0,0.0000,0.0000
619,301,301,0,0,0.0000,0.0000
620,301,301,0,0,0.0000,0.0000
621,301,301,0,0,0.0000,0.0000
622,301,301,0,0,0.0000,0.0000
623,301,301,0,0,0.0000,0.0000
624,301,301,0,0,0.0000,0.0000
625,301,301,0,0,0.0000,0.0000
626,301,301,0,0,0.0000,0.0000
627,301,301,0,0,0.0000,0.0000
628,300,300,0,0,0.0000,0.0000
629,300,300,0,0,0.0000,0.0000
630,300,300,0,0,0.0000,0.0000
631,300,300,0,0,0.0000,0.0000
632,300,300,0,0,0.0000,0.0000
633,300,300,0,0,0.0000,0.0000
634,299,299,0,0,0.0000,0.0000
635,301,301,0,0,0.0000,0.0000
636,301,301,0,0,0.0000,0.0000
637,300,300,0,0,0.0000,0.0000
638,300,300,0,0,0.0000,0.0000
639,300,300,0,0,0.0000,0.0000
640,300,300,0,0,0.0000,0.0000
641,300,300,0,0,0.0000,0.0000
642,300,300,0,0,0.0000,0.0000
643,300,300,0,0,0.0000,0.0000
644,300,300,0,0,0.0000,0.0000
645,300,300,0,0,0.0000,0.0000
646,300,300,0,0,0.0000,0.0000
647,299,299,0,0,0.0000,0.0000
648,302,302,0,0,0.0000,0.0000
649,302,302,0,0,0.0000,0.0000
650,302,302,0,0,0.0000,0.0000
651,302,302,0,0,0.0000,0.0000
652,302,302,0,0,0.0000,0.0000
653,302,302,0,0,0.0000,0.0000
654,302,302,0,0,0.0000,0.0000
655,302,302,0,0,0.0000,0.0000
656,302,302,0,0,0.0000,0.0000
657,302,302,0,0,0.0000,0.0000
658,302,302,0,0,0.0000,0.0000
659,302,302,0,0,0.0000,0.0000
660,302,302,0,0,0.0000,0.0000
661,302,302,0,0,0.0000,0.0000
662,302,302,0,0,0.0000,0.0000
663,302,302,0,0,0.0000,0.0000
664,302,302,0,0,0.0000,0.0000
665,302,302,0,0,0.0000,0.0000
666,302,302,0,0,0.0000,0.0000
667,302,302,0,0,0.0000,0.0000
668,302,302,0,0,0.0000,0.0000
669,302,302,0,0,0.0000,0.0000
670,302,302,0,0,0.0000,0.0000
671,302,302,0,0,0.0000,0.0000
672,302,302,0,0,0.0000,0.0000
673,302,302,0,0,0.0000,0.0000
674,302,302,0,0,0.0000,0.0000
675,302,302,0,0,0.0000,0.0000
676,302,302,0,0,0.0000,0.0000
677,302,302,0,0,0.0000,0.0000
678,302,302,0,0,0.0000,0.0000
679,302,302,0,0,0.0000,0.0000
680,302,302,0,0,0.0000,0.0000
681,302,302,0,0,0.0000,0.0000
682,302,302,0,0,0.0000,0.0000
683,302,302,0,0,0.0000,0.0000
684,301,301,0,0,0.0000,0.0000
685,301,301,0,0,0.0000,0.0000
686,301,301,0,0,0.0000,0.0000
687,301,301,0,0,0.0000,0.0000
688,301,301,0,0,0.0000,0.0000
689,301,301,0,0,0.0000,0.0000
690,301,301,0,0,0.0000,0.0000
691,301,301,0,0,0.0000,0.0000
692,301,301,0,0,0.0000,0.0000
693,301,301,0,0,0.0000,0.0000
694,301,301,0,0,0.0000,0.0000
695,301,301,0,0,0.0000,0.0000
696,301,301,0,0,0.0000,0.0000
697,301,301,0,0,0.0000,0.0000
698,301,301,0,0,0.0000,0.0000
699,301,301,0,0,0.0000,0.0000
700,301,301,0,0,0.0000,0.0000
701,301,301,0,0,0.0000,0.0000
702,301,301,0,0,0.0000,0.0000
703,301,301,0,0,0.0000,0.0000
704,301,301,0,0,0.0000,0.0000
705,301,301,0,0,0.0000,0.0000
706,300,300,0,0,0.0000,0.0000
707,300,300,0,0,0.0000,0.0000
708,299,299,0,0,0.0000,0.0000
709,300,300,0,0,0.0000,0.0000
710,300,300,0,0,0.0000,0.0000
711,300,300,0,0,0.0000,0.0000
712,300,300,0,0,0.0000,0.0000
713,300,300,0,0,0.0000,0.0000
714,300,300,0,0,0.0000,0.0000
715,300,300,0,0,0.0000,0.0000
716,300,300,0,0,0.0000,0.0000
717,300,300,0,0,0.0000,0.0000
718,300,300,0,0,0.0000,0.0000
719,300,300,0,0,0.0000,0.0000
720,300,300,0,0,0.0000,0.0000
721,300,300,0,0,0.0000,0.0000
722,300,300,0,0,0.0000,0.0000
723,300,300,0,0,0.0000,0.0000
724,300,300,0,0,0.0000,0.0000
725,300,300,0,0,0.0000,0.0000
726,300,300,0,0,0.0000,0.0000
727,300,300,0,0,0.0000,0.0000
728,300,300,0,0,0.0000,0.0000
729,300,300,0,0,0.0000,0.0000
730,300,300,0,0,0.0000,0.0000
731,299,299,0,0,0.0000,0.0000
732,303,303,0,0,0.0000,0.0000
733,303,303,0,0,0.0000,0.0000
734,303,303,0,0,0.0000,0.0000
735,303,303,0,0,0.0000,0.0000
736,303,303,0,0,0.0000,0.0000
737,303,303,0,0,0.0000,0.0000
738,303,303,0,0,0.0000,0.0000
739,303,303,0,0,0.0000,0.0000
740,303,303,0,0,0.0000,0.0000
741,303,303,0,0,0.0000,0.0000
742,303,303,0,0,0.0000,0.0000
743,303,303,0,0,0.0000,0.0000
744,303,303,0,0,0.0000,0.0000
745,303,303,0,0,0.0000,0.0000
746,303,303,0,0,0.0000,0.0000
747,303,303,0,0,0.0000,0.0000
748,303,303,0,0,0.0000,0.0000
749,303,303,0,0,0.0000,0.0000
750,303,303,0,0,0.0000,0.0000
751,303,303,0,0,0.0000,0.0000
752,303,303,0,0,0.0000,0.0000
753,303,303,0,0,0.0000,0.0000
754,303,303,0,0,0.0000,0.0000
755,303,303,0,0,0.0000,0.0000
756,303,303,0,0,0.0000,0.0000
757,303,303,0,0,0.0000,0.0000
758,303,303,0,0,0.0000,0.0000
759,302,302,0,0,0.0000,0.0000
760,302,302,0,0,0.0000,0.0000
761,302,302,0,0,0.0000,0.0000
762,302,302,0,0,0.0000,0.0000
763,302,302,0,0,0.0000,0.0000
764,302,302,0,0,0.0000,0.0000
765,302,302,0,0,0.0000,0.0000
766,302,302,0,0,0.0000,0.0000
767,302,302,0,0,0.0000,0.0000
768,302,302,0,0,0.0000,0.0000
769,302,302,0,0,0.0000,0.0000
770,302,302,0,0,0.0000,0.0000
771,302,302,0,0,0.0000,0.0000
772,302,302,0,0,0.0000,0.0000
773,302,302,0,0,0.0000,0.0000
774,302,302,0,0,0.0000,0.0000
775,302,302,0,0,0.0000,0.0000
776,302,302,0,0,0.0000,0.0000
777,302,302,0,0,0.0000,0.0000
778,302,302,0,0,0.0000,0.0000
779,302,302,0,0,0.0000,0.0000
780,302,302,0,0,0.0000,0.0000
781,302,302,0,0,0.0000,0.0000
782,302,302,0,0,0.0000,0.0000
783,302,302,0,0,0.0000,0.0000
784,302,302,0,0,0.0000,0.0000
785,302,302,0,0,0.0000,0.0000
786,302,302,0,0,0.0000,0.0000
787,302,302,0,0,0.0000,0.0000
788,302,302,0,0,0.0000,0.0000
789,302,302,0,0,0.0000,0.0000
790,302,302,0,0,0.0000,0.0000
791,302,302,0,0,0.0000,0.0000
792,302,302,0,0,0.0000,0.0000
793,302,302,0,0,0.0000,0.0000
794,302,302,0,0,0.0000,0.0000
795,301,301,0,0,0.0000,0.0000
796,301,301,0,0,0.0000,0.0000
797,301,301,0,0,0.0000,0.0000
798,301,301,0,0,0.0000,0.0000
799,301,301,0,0,0.0000,0.0000
800,301,301,0,0,0.0000,0.0000
801,301,301,0,0,0.0000,0.0000
802,301,301,0,0,0.0000,0.0000
803,301,301,0,0,0.0000,0.0000
804,301,301,0,0,0.0000,0.0000
805,301,301,0,0,0.0000,0.0000
806,301,301,0,0,0.0000,0.0000
807,301,301,0,0,0.0000,0.0000
808,301,301,0,0,0.0000,0.0000
809,301,301,0,0,0.0000,0.0000
810,301,301,0,0,0.0000,0.0000
811,301,301,0,0,0.0000,0.0000
812,301,301,0,0,0.0000,0.0000
813,301,301,0,0,0.0000,0.0000
814,301,301,0,0,0.0000,0.0000
815,301,301,0,0,0.0000,0.0000
816,301,301,0,0,0.0000,0.0000
817,301,301,0,0,0.0000,0.0000
818,301,301,0,0,0.0000,0.0000
819,301,301,0,0,0.0000,0.0000
820,301,301,0,0,0.0000,0.0000
821,301,301,0,0,0.0000,0.0000
822,301,301,0,0,0.0000,0.0000
823,301,301,0,0,0.0000,0.0000
824,301,301,0,0,0.0000,0.0000
825,301,301,0,0,0.0000,0.0000
826,301,301,0,0,0.0000,0.0000
827,301,301,0,0,0.0000,0.0000
828,301,301,0,0,0.0000,0.0000
829,301,301,0,0,0.0000,0.0000
830,301,301,0,0,0.0000,0.0000
831,301,301,0,0,0.0000,0.0000
832,301,301,0,0,0.0000,0.0000
833,301,301,0,0,0.0000,0.0000
834,301,301,0,0,0.0000,0.0000
835,301,301,0,0,0.0000,0.0000
836,301,301,0,0,0.0000,0.0000
837,301,301,0,0,0.0000,0.0000
838,301,301,0,0,0.0000,0.0000
839,301,301,0,0,0.0000,0.0000
840,301,301,0,0,0.0000,0.0000
841,301,301,0,0,0.0000,0.0000
842,301,301,0,0,0.0000,0.0000
843,300,300,0,0,0.0000,0.0000
844,300,300,0,0,0.0000,0.0000
845,300,300,0,0,0.0000,0.0000
846,300,300,0,0,0.0000,0.0000
847,300,300,0,0,0.0000,0.0000
848,300,300,0,0,0.0000,0.0000
849,300,300,0,0,0.0000,0.0000
850,299,299,0,0,0.0000,0.0000
851,300,300,0,0,0.0000,0.0000
852,300,300,0,0,0.0000,0.0000
853,300,300,0,0,0.0000,0.0000
854,300,300,0,0,0.0000,0.0000
855,300,300,0,0,0.0000,0.0000
856,300,300,0,0,0.0000,0.0000
857,300,300,0,0,0.0000,0.0000
858,300,300,0,0,0.0000,0.0000
859,300,300,0,0,0.0000,0.0000
860,300,300,0,0,0.0000,0.0000
861,300,300,0,0,0.0000,0.0000
862,300,300,0,0,0.0000,0.0000
863,300,300,0,0,0.0000,0.0000
864,300,300,0,0,0.0000,0.0000
865,300,300,0,0,0.0000,0.0000
866,300,300,0,0,0.0000,0.0000
867,300,300,0,0,0.0000,0.0000
868,300,300,0,0,0.0000,0.0000
869,300,300,0,0,0.0000,0.0000
870,300,300,0,0,0.0000,0.0000
871,300,300,0,0,0.0000,0.0000
872,300,300,0,0,0.0000,0.0000
873,300,300,0,0,0.0000,0.0000
874,300,300,0,0,0.0000,0.0000
875,300,300,0,0,0.0000,0.0000
876,300,300,0,0,0.0000,0.0000
877,300,300,0,0,0.0000,0.0000
878,299,299,0,0,0.0000,0.0000
879,300,300,0,0,0.0000,0.0000
880,300,300,0,0,0.0000,0.0000
881,300,300,0,0,0.0000,0.0000
882,300,300,0,0,0.0000,0.0000
883,300,300,0,0,0.0000,0.0000
884,300,300,0,0,0.0000,0.0000
885,300,300,0,0,0.0000,0.0000
886,300,300,0,0,0.0000,0.0000
887,300,300,0,0,0.0000,0.0000
888,300,300,0,0,0.0000,0.0000
889,300,300,0,0,0.0000,0.0000
890,300,300,0,0,0.0000,0.0000
891,300,300,0,0,0.0000,0.0000
892,300,300,0,0,0.0000,0.0000
893,300,300,0,0,0.0000,0.0000
894,300,300,0,0,0.0000,0.0000
895,299,299,0,0,0.0000,0.0000
896,300,300,0,0,0.0000,0.0000
897,300,300,0,0,0.0000,0.0000
898,300,300,0,0,0.0000,0.0000
899,300,300,0,0,0.0000,0.0000
900,300,300,0,0,0.0000,0.0000
901,300,300,0,0,0.0000,0.0000
902,300,300,0,0,0.0000,0.0000
903,300,300,0,0,0.0000,0.0000
904,300,300,0,0,0.0000,0.0000
905,300,300,0,0,0.0000,0.0000
906,300,300,0,0,0.0000,0.0000
907,300,300,0,0,0.0000,0.0000
908,300,300,0,0,0.0000,0.0000
909,300,300,0,0,0.0000,0.0000
910,300,300,0,0,0.0000,0.0000
911,300,300,0,0,0.0000,0.0000
912,300,300,0,0,0.0000,0.0000
913,300,300,0,0,0.0000,0.0000
914,300,300,0,0,0.0000,0.0000
915,300,300,0,0,0.0000,0.0000
916,300,300,0,0,0.0000,0.0000
917,300,300,0,0,0.0000,0.0000
918,300,300,0,0,0.0000,0.0000
919,300,300,0,0,0.0000,0.0000
920,300,300,0,0,0.0000,0.0000
921,300,300,0,0,0.0000,0.0000
922,300,300,0,0,0.0000,0.0000
923,300,300,0,0,0.0000,0.0000
924,300,300,0,0,0.0000,0.0000
925,300,300,0,0,0.0000,0.0000
926,300,300,0,0,0.0000,0.0000
927,300,300,0,0,0.0000,0.0000
928,299,299,0,0,0.0000,0.0000
929,302,302,0,0,0.0000,0.0000
930,302,302,0,0,0.0000,0.0000
931,302,302,0,0,0.0000,0.0000
932,302,302,0,0,0.0000,0.0000
933,302,302,0,0,0.0000,0.0000
934,302,302,0,0,0.0000,0.0000
935,302,302,0,0,0.0000,0.0000
936,302,302,0,0,0.0000,0.0000
937,302,302,0,0,0.0000,0.0000
938,302,302,0,0,0.0000,0.0000
939,302,302,0,0,0.0000,0.0000
940,302,302,0,0,0.0000,0.0000
941,302,302,0,0,0.0000,0.0000
942,302,302,0,0,0.0000,0.0000
943,302,302,0,0,0.0000,0.0000
944,302,302,0,0,0.0000,0.0000
945,302,302,0,0,0.0000,0.0000
946,302,302,0,0,0.0000,0.0000
947,302,302,0,0,0.0000,0.0000
948,302,302,0,0,0.0000,0.0000
949,302,302,0,0,0.0000,0.0000
950,302,302,0,0,0.0000,0.0000
951,302,302,0,0,0.0000,0.0000
952,302,302,0,0,0.0000,0.0000
953,302,302,0,0,0.0000,0.0000
954,302,302,0,0,0.0000,0.0000
955,302,302,0,0,0.0000,0.0000
956,302,302,0,0,0.0000,0.0000
957,302,302,0,0,0.0000,0.0000
958,302,302,0,0,0.0000,0.0000
959,302,302,0,0,0.0000,0.0000
960,302,302,0,0,0.0000,0.0000
961,302,302,0,0,0.0000,0.0000
962,302,302,0,0,0.0000,0.0000
963,302,302,0,0,0.0000,0.0000
964,302,302,0,0,0.0000,0.0000
965,302,302,0,0,0.0000,0.0000
966,302,302,0,0,0.0000,0.0000
967,302,302,0,0,0.0000,0.0000
968,302,302,0,0,0.0000,0.0000
969,301,301,0,0,0.0000,0.0000
970,301,301,0,0,0.0000,0.0000
971,301,301,0,0,0.0000,0.0000
972,301,301,0,0,0.0000,0.0000
973,301,301,0,0,0.0000,0.0000
974,301,301,0,0,0.0000,0.0000
975,301,301,0,0,0.0000,0.0000
976,301,301,0,0,0.0000,0.0000
977,301,301,0,0,0.0000,0.0000
978,301,301,0,0,0.0000,0.0000
979,301,301,0,0,0.0000,0.0000
980,301,301,0,0,0.0000,0.0000
981,301,301,0,0,0.0000,0.0000
982,301,301,0,0,0.0000,0.0000
983,301,301,0,0,0.0000,0.0000
984,301,301,0,0,0.0000,0.0000
985,301,301,0,0,0.0000,0.0000
986,301,301,0,0,0.0000,0.0000
987,301,301,0,0,0.0000,0.0000
988,301,301,0,0,0.0000,0.0000
989,301,301,0,0,0.0000,0.0000
990,301,301,0,0,0.0000,0.0000
991,301,301,0,0,0.0000,0.0000
992,301,301,0,0,0.0000,0.0000
993,301,301,0,0,0.0000,0.0000
994,301,301,0,0,0.0000,0.0000
995,301,301,0,0,0.0000,0.0000
996,301,301,0,0,0.0000,0.0000
997,301,301,0,0,0.0000,0.0000
998,301,301,0,0,0.0000,0.0000
999,301,301,0,0,0.0000,0.0000
1000,301,301,0,0,0.0000,0.0000
1001,301,301,0,0,0.0000,0.0000
1002,301,301,0,0,0.0000,0.0000
1003,301,301,0,0,0.0000,0.0000
1004,301,301,0,0,0.0000,0.0000
1005,301,301,0,0,0.0000,0.0000
1006,301,301,0,0,0.0000,0.0000
1007,301,301,0,0,0.0000,0.0000
1008,301,301,0,0,0.0000,0.0000
1009,300,300,0,0,0.0000,0.0000
1010,300,300,0,0,0.0000,0.0000
1011,300,300,0,0,0.0000,0.0000
1012,300,300,0,0,0.0000,0.0000
1013,300,300,0,0,0.0000,0.0000
1014,300,300,0,0,0.0000,0.0000
1015,300,300,0,0,0.0000,0.0000
1016,300,300,0,0,0.0000,0.0000
1017,300,300,0,0,0.0000,0.0000
1018,300,300,0,0,0.0000,0.0000
1019,300,300,0,0,0.0000,0.0000
1020,300,300,0,0,0.0000,0.0000
1021,300,300,0,0,0.0000,0.0000
1022,299,299,0,0,0.0000,0.0000
1023,301,301,0,0,0.0000,0.0000
1024,301,301,0,0,0.0000,0.0000
1025,301,301,0,0,0.0000,0.0000
1026,301,301,0,0,0.0000,0.0000
1027,301,301,0,0,0.0000,0.0000
1028,301,301,0,0,0.0000,0.0000
1029,301,301,0,0,0.0000,0.0000
1030,301,301,0,0,0.0000,0.0000
1031,301,301,0,0,0.0000,0.0000
1032,300,300,0,0,0.0000,0.0000
1033,300,300,0,0,0.0000,0.0000
1034,300,300,0,0,0.0000,0.0000
1035,300,300,0,0,0.0000,0.0000
1036,300,300,0,0,0.0000,0.0000
1037,300,300,0,0,0.0000,0.0000
1038,300,300,0,0,0.0000,0.0000
1039,300,300,0,0,0.0000,0.0000
1040,300,300,0,0,0.0000,0.0000
1041,300,300,0,0,0.0000,0.0000
1042,300,300,0,0,0.0000,0.0000
1043,300,300,0,0,0.0000,0.0000
1044,300,300,0,0,0.0000,0.0000
1045,300,300,0,0,0.0000,0.0000
1046,299,299,0,0,0.0000,0.0000
1047,305,305,0,0,0.0000,0.0000
1048,305,305,0,0,0.0000,0.0000
1049,305,305,0,0,0.0000,0.0000
1050,305,305,0,0,0.0000,0.0000
1051,305,305,0,0,0.0000,0.0000
1052,305,305,0,0,0.0000,0.0000
1053,305,305,0,0,0.0000,0.0000
1054,305,305,0,0,0.0000,0.0000
1055,305,305,0,0,0.0000,0.0000
1056,305,305,0,0,0.0000,0.0000
1057,305,305,0,0,0.0000,0.0000
1058,305,305,0,0,0.0000,0.0000
1059,304,304,0,0,0.0000,0.0000
1060,304,304,0,0,0.0000,0.0000
1061,304,304,0,0,0.0000,0.0000
1062,303,303,0,0,0.0000,0.0000
1063,303,303,0,0,0.0000,0.0000
1064,303,303,0,0,0.0000,0.0000
1065,303,303,0,0,0.0000,0.0000
1066,303,303,0,0,0.0000,0.0000
1067,303,303,0,0,0.0000,0.0000
1068,303,303,0,0,0.0000,0.0000
1069,302,302,0,0,0.0000,0.0000
1070,302,302,0,0,0.0000,0.0000
1071,301,301,0,0,0.0000,0.0000
1072,301,301,0,0,0.0000,0.0000
1073,301,301,0,0,0.0000,0.0000
1074,301,301,0,0,0.0000,0.0000
1075,301,301,0,0,0.0000,0.0000
1076,301,301,0,0,0.0000,0.0000
1077,301,301,0,0,0.0000,0.0000
1078,301,301,0,0,0.0000,0.0000
1079,301,301,0,0,0.0000,0.0000
1080,301,301,0,0,0.0000,0.0000
1081,301,301,0,0,0.0000,0.0000
1082,301,301,0,0,0.0000,0.0000
1083,301,301,0,0,0.0000,0.0000
1084,301,301,0,0,0.0000,0.0000
1085,301,301,0,0,0.0000,0.0000
1086,301,301,0,0,0.0000,0.0000
1087,301,301,0,0,0.0000,0.0000
1088,301,301,0,0,0.0000,0.0000
1089,301,301,0,0,0.0000,0.0000
1090,300,300,0,0,0.0000,0.0000
1091,300,300,0,0,0.0000,0.0000
1092,300,300,0,0,0.0000,0.0000
1093,300,300,0,0,0.0000,0.0000
1094,300,300,0,0,0.0000,0.0000
1095,300,300,0,0,0.0000,0.0000
1096,300,300,0,0,0.0000,0.0000
1097,300,300,0,0,0.0000,0.0000
1098,300,300,0,0,0.0000,0.0000
1099,300,300,0,0,0.0000,0.0000
1100,300,300,0,0,0.0000,0.0000
1101,300,300,0,0,0.0000,0.0000
1102,300,300,0,0,0.0000,0.0000
1103,300,300,0,0,0.0000,0.0000
1104,300,300,0,0,0.0000,0.0000
1105,300,300,0,0,0.0000,0.0000
1106,300,300,0,0,0.0000,0.0000
1107,300,300,0,0,0.0000,0.0000
1108,300,300,0,0,0.0000,0.0000
1109,300,300,0,0,0.0000,0.0000
1110,300,300,0,0,0.0000,0.0000
1111,300,300,0,0,0.0000,0.0000
1112,300,300,0,0,0.0000,0.0000
1113,300,300,0,0,0.0000,0.0000
1114,300,300,0,0,0.0000,0.0000
1115,300,300,0,0,0.0000,0.0000
1116,300,300,0,0,0.0000,0.0000
1117,300,300,0,0,0.0000,0.0000
1118,299,299,0,0,0.0000,0.0000
1119,302,302,0,0,0.0000,0.0000
1120,302,302,0,0,0.0000,0.0000
1121,302,302,0,0,0.0000,0.0000
1122,302,302,0,0,0.0000,0.0000
1123,302,302,0,0,0.0000,0.0000
1124,302,302,0,0,0.0000,0.0000
1125,302,302,0,0,0.0000,0.0000
1126,302,302,0,0,0.0000,0.0000
1127,302,302,0,0,0.0000,0.0000
1128,302,302,0,0,0.0000,0.0000
1129,302,302,0,0,0.0000,0.0000
1130,302,302,0,0,0.0000,0.0000
1131,302,302,0,0,0.0000,0.0000
1132,302,302,0,0,0.0000,0.0000
1133,302,302,0,0,0.0000,0.0000
1134,301,301,0,0,0.0000,0.0000
1135,301,301,0,0,0.0000,0.0000
1136,301,301,0,0,0.0000,0.0000
1137,301,301,0,0,0.0000,0.0000
1138,301,301,0,0,0.0000,0.0000
1139,301,301,0,0,0.0000,0.0000
1140,301,301,0,0,0.0000,0.0000
1141,300,300,0,0,0.0000,0.0000
1142,300,300,0,0,0.0000,0.0000
1143,300,300,0,0,0.0000,0.0000
1144,300,300,0,0,0.0000,0.0000
1145,300,300,0,0,0.0000,0.0000
1146,300,300,0,0,0.0000,0.0000
1147,300,300,0,0,0.0000,0.0000
1148,300,300,0,0,0.0000,0.0000
1149,300,300,0,0,0.0000,0.0000
1150,299,299,0,0,0.0000,0.0000
1151,301,301,0,0,0.0000,0.0000
1152,301,301,0,0,0.0000,0.0000
1153,301,301,0,0,0.0000,0.0000
1154,301,301,0,0,0.0000,0.0000
1155,301,301,0,0,0.0000,0.0000
1156,301,301,0,0,0.0000,0.0000
1157,301,301,0,0,0.0000,0.0000
1158,301,301,0,0,0.0000,0.0000
1159,301,301,0,0,0.0000,0.0000
1160,301,301,0,0,0.0000,0.0000
1161,301,301,0,0,0.0000,0.0000
1162,301,301,0,0,0.0000,0.0000
1163,300,300,0,0,0.0000,0.0000
1164,300,300,0,0,0.0000,0.0000
1165,300,300,0,0,0.0000,0.0000
1166,300,300,0,0,0.0000,0.0000
1167,300,300,0,0,0.0000,0.0000
1168,300,300,0,0,0.0000,0.0000
1169,300,300,0,0,0.0000,0.0000
1170,300,300,0,0,0.0000,0.0000
1171,300,300,0,0,0.0000,0.0000
1172,300,300,0,0,0.0000,0.0000
1173,299,299,0,0,0.0000,0.0000
1174,299,299,0,0,0.0000,0.0000
1175,300,300,0,0,0.0000,0.0000
1176,300,300,0,0,0.0000,0.0000
1177,300,300,0,0,0.0000,0.0000
1178,300,300,0,0,0.0000,0.0000
1179,300,300,0,0,0.0000,0.0000
1180,300,300,0,0,0.0000,0.0000
1181,300,300,0,0,0.0000,0.0000
1182,300,300,0,0,0.0000,0.0000
1183,300,300,0,0,0.0000,0.0000
1184,300,300,0,0,0.0000,0.0000
1185,300,300,0,0,0.0000,0.0000
1186,300,300,0,0,0.0000,0.0000
1187,300,300,0,0,0.0000,0.0000
1188,300,300,0,0,0.0000,0.0000
1189,300,300,0,0,0.0000,0.0000
1190,300,300,0,0,0.0000,0.0000
1191,300,300,0,0,0.0000,0.0000
1192,300,300,0,0,0.0000,0.0000
1193,300,300,0,0,0.0000,0.0000
1194,300,300,0,0,0.0000,0.0000
1195,300,300,0,0,0.0000,0.0000
1196,300,300,0,0,0.0000,0.0000
1197,300,300,0,0,0.0000,0.0000
1198,300,300,0,0,0.0000,0.0000
1199,300,300,0,0,0.0000,0.0000
1200,300,300,0,0,0.0000,0.0000
1201,300,300,0,0,0.0000,0.0000
1202,300,300,0,0,0.0000,0.0000
1203,300,300,0,0,0.0000,0.0000
1204,300,300,0,0,0.0000,0.0000
1205,300,300,0,0,0.0000,0.0000
1206,299,299,0,0,0.0000,0.0000
1207,301,301,0,0,0.0000,0.0000
1208,301,301,0,0,0.0000,0.0000
1209,301,301,0,0,0.0000,0.0000
1210,301,301,0,0,0.0000,0.0000
1211,301,301,0,0,0.0000,0.0000
1212,301,301,0,0,0.0000,0.0000
1213,301,301,0,0,0.0000,0.0000
1214,301,301,0,0,0.0000,0.0000
1215,301,301,0,0,0.0000,0.0000
1216,301,301,0,0,0.0000,0.0000
1217,301,301,0,0,0.0000,0.0000
1218,301,301,0,0,0.0000,0.0000
1219,301,301,0,0,0.0000,0.0000
1220,301,301,0,0,0.0000,0.0000
1221,301,301,0,0,0.0000,0.0000
1222,301,301,0,0,0.0000,0.0000
1223,301,301,0,0,0.0000,0.0000
1224,301,301,0,0,0.0000,0.0000
1225,301,301,0,0,0.0000,0.0000
1226,301,301,0,0,0.0000,0.0000
1227,301,301,0,0,0.0000,0.0000
1228,301,301,0,0,0.0000,0.0000
1229,301,301,0,0,0.0000,0.0000
1230,301,301,0,0,0.0000,0.0000
1231,301,301,0,0,0.0000,0.0000
1232,301,301,0,0,0.0000,0.0000
1233,301,301,0,0,0.0000,0.0000
1234,301,301,0,0,0.0000,0.0000
1235,301,301,0,0,0.0000,0.0000
1236,301,301,0,0,0.0000,0.0000
1237,301,301,0,0,0.0000,0.0000
1238,301,301,0,0,0.0000,0.0000
1239,301,301,0,0,0.0000,0.0000
1240,301,301,0,0,0.0000,0.0000
1241,301,301,0,0,0.0000,0.0000
1242,301,301,0,0,0.0000,0.0000
1243,301,301,0,0,0.0000,0.0000
1244,301,301,0,0,0.0000,0.0000
1245,301,301,0,0,0.0000,0.0000
1246,301,301,0,0,0.0000,0.0000
1247,300,300,0,0,0.0000,0.0000
1248,300,300,0,0,0.0000,0.0000
1249,300,300,0,0,0.0000,0.0000
1250,300,300,0,0,0.0000,0.0000
1251,300,300,0,0,0.0000,0.0000
1252,300,300,0,0,0.0000,0.0000
1253,300,300,0,0,0.0000,0.0000
1254,300,300,0,0,0.0000,0.0000
1255,300,300,0,0,0.0000,0.0000
1256,300,300,0,0,0.0000,0.0000
1257,300,300,0,0,0.0000,0.0000
1258,300,300,0,0,0.0000,0.0000
1259,300,300,0,0,0.0000,0.0000
1260,300,300,0,0,0.0000,0.0000
1261,300,300,0,0,0.0000,0.0000
1262,300,300,0,0,0.0000,0.0000
1263,300,300,0,0,0.0000,0.0000
1264,300,300,0,0,0.0000,0.0000
1265,300,300,0,0,0.0000,0.0000
1266,300,300,0,0,0.0000,0.0000
1267,300,300,0,0,0.0000,0.0000
1268,300,300,0,0,0.0000,0.0000
1269,300,300,0,0,0.0000,0.0000
1270,300,300,0,0,0.0000,0.0000
1271,300,300,0,0,0.0000,0.0000
1272,300,300,0,0,0.0000,0.0000
1273,299,299,0,0,0.0000,0.0000
1274,300,300,0,0,0.0000,0.0000
1275,300,300,0,0,0.0000,0.0000
1276,300,300,0,0,0.0000,0.0000
1277,300,300,0,0,0.0000,0.0000
1278,300,300,0,0,0.0000,0.0000
1279,300,300,0,0,0.0000,0.0000
1280,300,300,0,0,0.0000,0.0000
1281,300,300,0,0,0.0000,0.0000
1282,300,300,0,0,0.0000,0.0000
1283,300,300,0,0,0.0000,0.0000
1284,300,300,0,0,0.0000,0.0000
1285,300,300,0,0,0.0000,0.0000
1286,300,300,0,0,0.0000,0.0000
1287,300,300,0,0,0.0000,0.0000
1288,300,300,0,0,0.0000,0.0000
1289,300,300,0,0,0.0000,0.0000
1290,300,300,0,0,0.0000,0.0000
1291,300,300,0,0,0.0000,0.0000
1292,300,300,0,0,0.0000,0.0000
1293,300,300,0,0,0.0000,0.0000
1294,300,300,0,0,0.0000,0.0000
1295,300,300,0,0,0.0000,0.0000
1296,300,300,0,0,0.0000,0.0000
1297,300,300,0,0,0.0000,0.0000
1298,300,300,0,0,0.0000,0.0000
1299,300,300,0,0,0.0000,0.0000
1300,299,299,0,0,0.0000,0.0000
1301,302,302,0,0,0.0000,0.0000
1302,302,302,0,0,0.0000,0.0000
1303,302,302,0,0,0.0000,0.0000
1304,301,301,0,0,0.0000,0.0000
1305,301,301,0,0,0.0000,0.0000
1306,301,301,0,0,0.0000,0.0000
1307,301,301,0,0,0.0000,0.0000
1308,301,301,0,0,0.0000,0.0000
1309,301,301,0,0,0.0000,0.0000
1310,301,301,0,0,0.0000,0.0000
1311,301,301,0,0,0.0000,0.0000
1312,301,301,0,0,0.0000,0.0000
1313,300,300,0,0,0.0000,0.0000
1314,300,300,0,0,0.0000,0.0000
1315,300,300,0,0,0.0000,0.0000
1316,299,299,0,0,0.0000,0.0000
1317,302,302,0,0,0.0000,0.0000
1318,302,302,0,0,0.0000,0.0000
1319,302,302,0,0,0.0000,0.0000
1320,302,302,0,0,0.0000,0.0000
1321,302,302,0,0,0.0000,0.0000
1322,302,302,0,0,0.0000,0.0000
1323,302,302,0,0,0.0000,0.0000
1324,301,301,0,0,0.0000,0.0000
1325,301,301,0,0,0.0000,0.0000
1326,301,301,0,0,0.0000,0.0000
1327,301,301,0,0,0.0000,0.0000
1328,301,301,0,0,0.0000,0.0000
1329,301,301,0,0,0.0000,0.0000
1330,301,301,0,0,0.0000,0.0000
1331,301,301,0,0,0.0000,0.0000
1332,300,300,0,0,0.0000,0.0000
1333,300,300,0,0,0.0000,0.0000
1334,300,300,0,0,0.0000,0.0000
1335,299,299,0,0,0.0000,0.0000
1336,303,303,0,0,0.0000,0.0000
1337,303,303,0,0,0.0000,0.0000
1338,303,303,0,0,0.0000,0.0000
1339,303,303,0,0,0.0000,0.0000
1340,303,303,0,0,0.0000,0.0000
1341,303,303,0,0,0.0000,0.0000
1342,301,301,0,0,0.0000,0.0000
1343,301,301,0,0,0.0000,0.0000
1344,301,301,0,0,0.0000,0.0000
1345,301,301,0,0,0.0000,0.0000
1346,301,301,0,0,0.0000,0.0000
1347,301,301,0,0,0.0000,0.0000
1348,301,301,0,0,0.0000,0.0000
1349,301,301,0,0,0.0000,0.0000
1350,301,301,0,0,0.0000,0.0000
1351,301,301,0,0,0.0000,0.0000
1352,301,301,0,0,0.0000,0.0000
1353,301,301,0,0,0.0000,0.0000
1354,301,301,0,0,0.0000,0.0000
1355,301,301,0,0,0.0000,0.0000
1356,301,301,0,0,0.0000,0.0000
1357,301,301,0,0,0.0000,0.0000
1358,300,300,0,0,0.0000,0.0000
1359,300,300,0,0,0.0000,0.0000
1360,300,300,0,0,0.0000,0.0000
1361,300,300,0,0,0.0000,0.0000
1362,300,300,0,0,0.0000,0.0000
1363,300,300,0,0,0.0000,0.0000
1364,300,300,0,0,0.0000,0.0000
1365,300,300,0,0,0.0000,0.0000
1366,300,300,0,0,0.0000,0.0000
1367,300,300,0,0,0.0000,0.0000
1368,300,300,0,0,0.0000,0.0000
1369,300,300,0,0,0.0000,0.0000
1370,300,300,0,0,0.0000,0.0000
1371,300,300,0,0,0.0000,0.0000
1372,300,300,0,0,0.0000,0.0000
1373,300,300,0,0,0.0000,0.0000
1374,300,300,0,0,0.0000,0.0000
1375,300,300,0,0,0.0000,0.0000
1376,300,300,0,0,0.0000,0.0000
1377,300,300,0,0,0.0000,0.0000
1378,300,300,0,0,0.0000,0.0000
1379,300,300,0,0,0.0000,0.0000
1380,300,300,0,0,0.0000,0.0000
1381,300,300,0,0,0.0000,0.0000
1382,300,300,0,0,0.0000,0.0000
1383,300,300,0,0,0.0000,0.0000
1384,300,300,0,0,0.0000,0.0000
1385,300,300,0,0,0.0000,0.0000
1386,299,299,0,0,0.0000,0.0000
1387,301,301,0,0,0.0000,0.0000
1388,301,301,0,0,0.0000,0.0000
1389,301,301,0,0,0.0000,0.0000
1390,300,300,0,0,0.0000,0.0000
1391,300,300,0,0,0.0000,0.0000
1392,300,300,0,0,0.0000,0.0000
1393,300,300,0,0,0.0000,0.0000
1394,300,300,0,0,0.0000,0.0000
1395,300,300,0,0,0.0000,0.0000
1396,300,300,0,0,0.0000,0.0000
1397,300,300,0,0,0.0000,0.0000
1398,299,299,0,0,0.0000,0.0000
1399,301,301,0,0,0.0000,0.0000
1400,301,301,0,0,0.0000,0.0000
1401,300,300,0,0,0.0000,0.0000
1402,300,300,0,0,0.0000,0.0000
1403,300,300,0,0,0.0000,0.0000
1404,300,300,0,0,0.0000,0.0000
1405,300,300,0,0,0.0000,0.0000
1406,300,300,0,0,0.0000,0.0000
1407,300,300,0,0,0.0000,0.0000
1408,300,300,0,0,0.0000,0.0000
1409,300,300,0,0,0.0000,0.0000
1410,300,300,0,0,0.0000,0.0000
1411,300,300,0,0,0.0000,0.0000
1412,300,300,0,0,0.0000,0.0000
1413,300,300,0,0,0.0000,0.0000
1414,300,300,0,0,0.0000,0.0000
1415,300,300,0,0,0.0000,0.0000
1416,300,300,0,0,0.0000,0.0000
1417,300,300,0,0,0.0000,0.0000
1418,300,300,0,0,0.0000,0.0000
1419,300,300,0,0,0.0000,0.0000
1420,300,300,0,0,0.0000,0.0000
1421,300,300,0,0,0.0000,0.0000
1422,300,300,0,0,0.0000,0.0000
1423,300,300,0,0,0.0000,0.0000
1424,300,300,0,0,0.0000,0.0000
1425,300,300,0,0,0.0000,0.0000
1426,300,300,0,0,0.0000,0.0000
1427,300,300,0,0,0.0000,0.0000
1428,300,300,0,0,0.0000,0.0000
1429,299,299,0,0,0.0000,0.0000
1430,300,300,0,0,0.0000,0.0000
1431,299,299,0,0,0.0000,0.0000
1432,302,302,0,0,0.0000,0.0000
1433,302,302,0,0,0.0000,0.0000
1434,302,302,0,0,0.0000,0.0000
1435,302,302,0,0,0.0000,0.0000
1436,302,302,0,0,0.0000,0.0000
1437,302,302,0,0,0.0000,0.0000
1438,302,302,0,0,0.0000,0.0000
1439,302,302,0,0,0.0000,0.0000
1440,302,302,0,0,0.0000,0.0000
1441,302,302,0,0,0.0000,0.0000
1442,302,302,0,0,0.0000,0.0000
1443,302,302,0,0,0.0000,0.0000
1444,302,302,0,0,0.0000,0.0000
1445,302,302,0,0,0.0000,0.0000
1446,302,302,0,0,0.0000,0.0000
1447,302,302,0,0,0.0000,0.0000
1448,302,302,0,0,0.0000,0.0000
1449,302,302,0,0,0.0000,0.0000
1450,302,302,0,0,0.0000,0.0000
1451,301,301,0,0,0.0000,0.0000
1452,301,301,0,0,0.0000,0.0000
1453,301,301,0,0,0.0000,0.0000
1454,301,301,0,0,0.0000,0.0000
1455,301,301,0,0,0.0000,0.0000
1456,301,301,0,0,0.0000,0.0000
1457,301,301,0,0,0.0000,0.0000
1458,301,301,0,0,0.0000,0.0000
1459,301,301,0,0,0.0000,0.0000
1460,301,301,0,0,0.0000,0.0000
1461,300,300,0,0,0.0000,0.0000
1462,300,300,0,0,0.0000,0.0000
1463,300,300,0,0,0.0000,0.0000
1464,300,300,0,0,0.0000,0.0000
1465,300,300,0,0,0.0000,0.0000
1466,300,300,0,0,0.0000,0.0000
1467,300,300,0,0,0.0000,0.0000
1468,300,300,0,0,0.0000,0.0000
1469,300,300,0,0,0.0000,0.0000
1470,300,300,0,0,0.0000,0.0000
1471,300,300,0,0,0.0000,0.0000
1472,299,299,0,0,0.0000,0.0000
1473,299,299,0,0,0.0000,0.0000
1474,302,302,0,0,0.0000,0.0000
1475,302,302,0,0,0.0000,0.0000
1476,302,302,0,0,0.0000,0.0000
1477,302,302,0,0,0.0000,0.0000
1478,302,302,0,0,0.0000,0.0000
1479,302,302,0,0,0.0000,0.0000
1480,301,301,0,0,0.0000,0.0000
1481,301,301,0,0,0.0000,0.0000
1482,301,301,0,0,0.0000,0.0000
1483,301,301,0,0,0.0000,0.0000
1484,301,301,0,0,0.0000,0.0000
1485,301,301,0,0,0.0000,0.0000
1486,301,301,0,0,0.0000,0.0000
1487,301,301,0,0,0.0000,0.0000
1488,301,301,0,0,0.0000,0.0000
1489,301,301,0,0,0.0000,0.0000
1490,301,301,0,0,0.0000,0.0000
1491,301,301,0,0,0.0000,0.0000
1492,301,301,0,0,0.0000,0.0000
1493,300,300,0,0,0.0000,0.0000
1494,300,300,0,0,0.0000,0.0000
1495,300,300,0,0,0.0000,0.0000
1496,300,300,0,0,0.0000,0.0000
1497,300,300,0,0,0.0000,0.0000
1498,300,300,0,0,0.0000,0.0000
1499,300,300,0,0,0.0000,0.0000
1500,300,300,0,0,0.0000,0.0000
1501,300,300,0,0,0.0000,0.0000
1502,300,300,0,0,0.0000,0.0000
1503,300,300,0,0,0.0000,0.0000
1504,300,300,0,0,0.0000,0.0000
1505,300,300,0,0,0.0000,0.0000
1506,300,300,0,0,0.0000,0.0000
1507,300,300,0,0,0.0000,0.0000
1508,300,300,0,0,0.0000,0.0000
1509,300,300,0,0,0.0000,0.0000
1510,300,300,0,0,0.0000,0.0000
1511,300,300,0,0,0.0000,0.0000
1512,300,300,0,0,0.0000,0.0000
1513,300,300,0,0,0.0000,0.0000
1514,300,300,0,0,0.0000,0.0000
1515,300,300,0,0,0.0000,0.0000
1516,300,300,0,0,0.0000,0.0000
1517,300,300,0,0,0.0000,0.0000
1518,300,300,0,0,0.0000,0.0000
1519,300,300,0,0,0.0000,0.0000
1520,300,300,0,0,0.0000,0.0000
1521,300,300,0,0,0.0000,0.0000
1522,299,299,0,0,0.0000,0.0000
1523,303,303,0,0,0.0000,0.0000
1524,303,303,0,0,0.0000,0.0000
1525,303,303,0,0,0.0000,0.0000
1526,303,303,0,0,0.0000,0.0000
1527,303,303,0,0,0.0000,0.0000
1528,303,303,0,0,0.0000,0.0000
1529,303,303,0,0,0.0000,0.0000
1530,303,303,0,0,0.0000,0.0000
1531,303,303,0,0,0.0000,0.0000
1532,303,303,0,0,0.0000,0.0000
1533,303,303,0,0,0.0000,0.0000
1534,303,303,0,0,0.0000,0.0000
1535,303,303,0,0,0.0000,0.0000
1536,303,303,0,0,0.0000,0.0000
1537,303,303,0,0,0.0000,0.0000
1538,303,303,0,0,0.0000,0.0000
1539,303,303,0,0,0.0000,0.0000
1540,303,303,0,0,0.0000,0.0000
1541,303,303,0,0,0.0000,0.0000
1542,303,303,0,0,0.0000,0.0000
1543,303,303,0,0,0.0000,0.0000
1544,303,303,0,0,0.0000,0.0000
1545,303,303,0,0,0.0000,0.0000
1546,303,303,0,0,0.0000,0.0000
1547,303,303,0,0,0.0000,0.0000
1548,303,303,0,0,0.0000,0.0000
1549,303,303,0,0,0.0000,0.0000
1550,303,303,0,0,0.0000,0.0000
1551,303,303,0,0,0.0000,0.0000
1552,303,303,0,0,0.0000,0.0000
1553,303,303,0,0,0.0000,0.0000
1554,303,303,0,0,0.0000,0.0000
1555,303,303,0,0,0.0000,0.0000
1556,303,303,0,0,0.0000,0.0000
1557,303,303,0,0,0.0000,0.0000
1558,303,303,0,0,0.0000,0.0000
1559,303,303,0,0,0.0000,0.0000
1560,303,303,0,0,0.0000,0.0000
1561,303,303,0,0,0.0000,0.0000
1562,303,303,0,0,0.0000,0.0000
1563,303,303,0,0,0.0000,0.0000
1564,303,303,0,0,0.0000,0.0000
1565,303,303,0,0,0.0000,0.0000
1566,303,303,0,0,0.0000,0.0000
1567,303,303,0,0,0.0000,0.0000
1568,303,303,0,0,0.0000,0.0000
1569,303,303,0,0,0.0000,0.0000
1570,303,303,0,0,0.0000,0.0000
1571,303,303,0,0,0.0000,0.0000
1572,303,303,0,0,0.0000,0.0000
1573,303,303,0,0,0.0000,0.0000
1574,303,303,0,0,0.0000,0.0000
1575,303,303,0,0,0.0000,0.0000
1576,303,303,0,0,0.0000,0.0000
1577,303,303,0,0,0.0000,0.0000
1578,303,303,0,0,0.0000,0.0000
1579,303,303,0,0,0.0000,0.0000
1580,303,303,0,0,0.0000,0.0000
1581,303,303,0,0,0.0000,0.0000
1582,303,303,0,0,0.0000,0.0000
1583,302,302,0,0,0.0000,0.0000
1584,302,302,0,0,0.0000,0.0000
1585,302,302,0,0,0.0000,0.0000
1586,302,302,0,0,0.0000,0.0000
1587,302,302,0,0,0.0000,0.0000
1588,302,302,0,0,0.0000,0.0000
1589,302,302,0,0,0.0000,0.0000
1590,302,302,0,0,0.0000,0.0000
1591,302,302,0,0,0.0000,0.0000
1592,301,301,0,0,0.0000,0.0000
1593,301,301,0,0,0.0000,0.0000
1594,301,301,0,0,0.0000,0.0000
1595,301,301,0,0,0.0000,0.0000
1596,301,301,0,0,0.0000,0.0000
1597,301,301,0,0,0.0000,0.0000
1598,301,301,0,0,0.0000,0.0000
1599,301,301,0,0,0.0000,0.0000
1600,301,301,0,0,0.0000,0.0000
1601,301,301,0,0,0.0000,0.0000
1602,301,301,0,0,0.0000,0.0000
1603,301,301,0,0,0.0000,0.0000
1604,301,301,0,0,0.0000,0.0000
1605,301,301,0,0,0.0000,0.0000
1606,301,301,0,0,0.0000,0.0000
1607,301,301,0,0,0.0000,0.0000
1608,301,301,0,0,0.0000,0.0000
1609,301,301,0,0,0.0000,0.0000
1610,301,301,0,0,0.0000,0.0000
1611,301,301,0,0,0.0000,0.0000
1612,301,301,0,0,0.0000,0.0000
1613,301,301,0,0,0.0000,0.0000
1614,301,301,0,0,0.0000,0.0000
1615,301,301,0,0,0.0000,0.0000
1616,301,301,0,0,0.0000,0.0000
1617,301,301,0,0,0.0000,0.0000
1618,301,301,0,0,0.0000,0.0000
1619,301,301,0,0,0.0000,0.0000
1620,301,301,0,0,0.0000,0.0000
1621,301,301,0,0,0.0000,0.0000
1622,301,301,0,0,0.0000,0.0000
1623,301,301,0,0,0.0000,0.0000
1624,301,301,0,0,0.0000,0.0000
1625,301,301,0,0,0.0000,0.0000
1626,301,301,0,0,0.0000,0.0000
1627,300,300,0,0,0.0000,0.0000
1628,300,300,0,0,0.0000,0.0000
1629,300,300,0,0,0.0000,0.0000
1630,300,300,0,0,0.0000,0.0000
1631,299,299,0,0,0.0000,0.0000
1632,300,300,0,0,0.0000,0.0000
1633,300,300,0,0,0.0000,0.0000
1634,300,300,0,0,0.0000,0.0000
1635,300,300,0,0,0.0000,0.0000
1636,299,299,0,0,0.0000,0.0000
1637,300,300,0,0,0.0000,0.0000
1638,299,299,0,0,0.0000,0.0000
1639,302,302,0,0,0.0000,0.0000
1640,302,302,0,0,0.0000,0.0000
1641,302,302,0,0,0.0000,0.0000
1642,302,302,0,0,0.0000,0.0000
1643,302,302,0,0,0.0000,0.0000
1644,302,302,0,0,0.0000,0.0000
1645,302,302,0,0,0.0000,0.0000
1646,302,302,0,0,0.0000,0.0000
1647,302,302,0,0,0.0000,0.0000
1648,302,302,0,0,0.0000,0.0000
1649,302,302,0,0,0.0000,0.0000
1650,302,302,0,0,0.0000,0.0000
1651,302,302,0,0,0.0000,0.0000
1652,302,302,0,0,0.0000,0.0000
1653,302,302,0,0,0.0000,0.0000
1654,302,302,0,0,0.0000,0.0000
1655,302,302,0,0,0.0000,0.0000
1656,302,302,0,0,0.0000,0.0000
1657,302,302,0,0,0.0000,0.0000
1658,302,302,0,0,0.0000,0.0000
1659,302,302,0,0,0.0000,0.0000
1660,302,302,0,0,0.0000,0.0000
1661,302,302,0,0,0.0000,0.0000
1662,302,302,0,0,0.0000,0.0000
1663,302,302,0,0,0.0000,0.0000
1664,302,302,0,0,0.0000,0.0000
1665,302,302,0,0,0.0000,0.0000
1666,302,302,0,0,0.0000,0.0000
1667,302,302,0,0,0.0000,0.0000
1668,302,302,0,0,0.0000,0.0000
1669,302,302,0,0,0.0000,0.0000
1670,302,302,0,0,0.0000,0.0000
1671,302,302,0,0,0.0000,0.0000
1672,302,302,0,0,0.0000,0.0000
1673,302,302,0,0,0.0000,0.0000
1674,302,302,0,0,0.0000,0.0000
1675,301,301,0,0,0.0000,0.0000
1676,301,301,0,0,0.0000,0.0000
1677,301,301,0,0,0.0000,0.0000
1678,301,301,0,0,0.0000,0.0000
1679,301,301,0,0,0.0000,0.0000
1680,301,301,0,0,0.0000,0.0000
1681,301,301,0,0,0.0000,0.0000
1682,301,301,0,0,0.0000,0.0000
1683,301,301,0,0,0.0000,0.0000
1684,301,301,0,0,0.0000,0.0000
1685,301,301,0,0,0.0000,0.0000
1686,301,301,0,0,0.0000,0.0000
1687,301,301,0,0,0.0000,0.0000
1688,301,301,0,0,0.0000,0.0000
1689,301,301,0,0,0.0000,0.0000
1690,301,301,0,0,0.0000,0.0000
1691,301,301,0,0,0.0000,0.0000
1692,301,301,0,0,0.0000,0.0000
1693,301,301,0,0,0.0000,0.0000
1694,301,301,0,0,0.0000,0.0000
1695,301,301,0,0,0.0000,0.0000
1696,301,301,0,0,0.0000,0.0000
1697,301,301,0,0,0.0000,0.0000
1698,301,301,0,0,0.0000,0.0000
1699,301,301,0,0,0.0000,0.0000
1700,301,301,0,0,0.0000,0.0000
1701,301,301,0,0,0.0000,0.0000
1702,301,301,0,0,0.0000,0.0000
1703,301,301,0,0,0.0000,0.0000
1704,301,301,0,0,0.0000,0.0000
1705,301,301,0,0,0.0000,0.0000
1706,301,301,0,0,0.0000,0.0000
1707,301,301,0,0,0.0000,0.0000
1708,301,301,0,0,0.0000,0.0000
1709,301,301,0,0,0.0000,0.0000
1710,301,301,0,0,0.0000,0.0000
1711,301,301,0,0,0.0000,0.0000
1712,301,301,0,0,0.0000,0.0000
1713,301,301,0,0,0.0000,0.0000
1714,300,300,0,0,0.0000,0.0000
1715,300,300,0,0,0.0000,0.0000
1716,300,300,0,0,0.0000,0.0000
1717,300,300,0,0,0.0000,0.0000
1718,300,300,0,0,0.0000,0.0000
1719,300,300,0,0,0.0000,0.0000
1720,300,300,0,0,0.0000,0.0000
1721,300,300,0,0,0.0000,0.0000
1722,300,300,0,0,0.0000,0.0000
1723,300,300,0,0,0.0000,0.0000
1724,300,300,0,0,0.0000,0.0000
1725,300,300,0,0,0.0000,0.0000
1726,300,300,0,0,0.0000,0.0000
1727,300,300,0,0,0.0000,0.0000
1728,300,300,0,0,0.0000,0.0000
1729,300,300,0,0,0.0000,0.0000
1730,300,300,0,0,0.0000,0.0000
1731,300,300,0,0,0.0000,0.0000
1732,300,300,0,0,0.0000,0.0000
1733,300,300,0,0,0.0000,0.0000
1734,300,300,0,0,0.0000,0.0000
1735,300,300,0,0,0.0000,0.0000
1736,300,300,0,0,0.0000,0.0000
1737,300,300,0,0,0.0000,0.0000
1738,300,300,0,0,0.0000,0.0000
1739,300,300,0,0,0.0000,0.0000
1740,300,300,0,0,0.0000,0.0000
1741,300,300,0,0,0.0000,0.0000
1742,300,300,0,0,0.0000,0.0000
1743,300,300,0,0,0.0000,0.0000
1744,300,300,0,0,0.0000,0.0000
1745,300,300,0,0,0.0000,0.0000
1746,300,300,0,0,0.0000,0.0000
1747,300,300,0,0,0.0000,0.0000
1748,300,300,0,0,0.0000,0.0000
1749,300,300,0,0,0.0000,0.0000
1750,300,300,0,0,0.0000,0.0000
1751,300,300,0,0,0.0000,0.0000
1752,300,300,0,0,0.0000,0.0000
1753,300,300,0,0,0.0000,0.0000
1754,300,300,0,0,0.0000,0.0000
1755,300,300,0,0,0.0000,0.0000
1756,300,300,0,0,0.0000,0.0000
1757,300,300,0,0,0.0000,0.0000
1758,300,300,0,0,0.0000,0.0000
1759,300,300,0,0,0.0000,0.0000
1760,300,300,0,0,0.0000,0.0000
1761,300,300,0,0,0.0000,0.0000
1762,300,300,0,0,0.0000,0.0000
1763,300,300,0,0,0.0000,0.0000
1764,300,300,0,0,0.0000,0.0000
1765,300,300,0,0,0.0000,0.0000
1766,300,300,0,0,0.0000,0.0000
1767,300,300,0,0,0.0000,0.0000
1768,300,300,0,0,0.0000,0.0000
1769,300,300,0,0,0.0000,0.0000
1770,300,300,0,0,0.0000,0.0000
1771,300,300,0,0,0.0000,0.0000
1772,299,299,0,0,0.0000,0.0000
1773,301,301,0,0,0.0000,0.0000
1774,301,301,0,0,0.0000,0.0000
1775,301,301,0,0,0.0000,0.0000
1776,301,301,0,0,0.0000,0.0000
1777,301,301,0,0,0.0000,0.0000
1778,301,301,0,0,0.0000,0.0000
1779,301,301,0,0,0.0000,0.0000
1780,301,301,0,0,0.0000,0.0000
1781,301,301,0,0,0.0000,0.0000
1782,301,301,0,0,0.0000,0.0000
1783,301,301,0,0,0.0000,0.0000
1784,301,301,0,0,0.0000,0.0000
1785,301,301,0,0,0.0000,0.0000
1786,301,301,0,0,0.0000,0.0000
1787,301,301,0,0,0.0000,0.0000
1788,301,301,0,0,0.0000,0.0000
1789,301,301,0,0,0.0000,0.0000
1790,301,301,0,0,0.0000,0.0000
1791,301,301,0,0,0.0000,0.0000
1792,301,301,0,0,0.0000,0.0000
1793,301,301,0,0,0.0000,0.0000
1794,301,301,0,0,0.0000,0.0000
1795,301,301,0,0,0.0000,0.0000
1796,301,301,0,0,0.0000,0.0000
1797,299,299,0,0,0.0000,0.0000
1798,300,300,0,0,0.0000,0.0000
1799,300,300,0,0,0.0000,0.0000
1800,300,300,0,0,0.0000,0.0000
1801,300,300,0,0,0.0000,0.0000
1802,300,300,0,0,0.0000,0.0000
1803,300,300,0,0,0.0000,0.0000
1804,300,300,0,0,0.0000,0.0000
1805,300,300,0,0,0.0000,0.0000
1806,300,300,0,0,0.0000,0.0000
1807,300,300,0,0,0.0000,0.0000
1808,300,300,0,0,0.0000,0.0000
1809,300,300,0,0,0.0000,0.0000
1810,300,300,0,0,0.0000,0.0000
1811,300,300,0,0,0.0000,0.0000
1812,300,300,0,0,0.0000,0.0000
1813,300,300,0,0,0.0000,0.0000
1814,300,300,0,0,0.0000,0.0000
1815,300,300,0,0,0.0000,0.0000
1816,300,300,0,0,0.0000,0.0000
1817,299,299,0,0,0.0000,0.0000
1818,303,303,0,0,0.0000,0.0000
1819,303,303,0,0,0.0000,0.0000
1820,303,303,0,0,0.0000,0.0000
1821,303,303,0,0,0.0000,0.0000
1822,303,303,0,0,0.0000,0.0000
1823,303,303,0,0,0.0000,0.0000
1824,303,303,0,0,0.0000,0.0000
1825,303,303,0,0,0.0000,0.0000
1826,303,303,0,0,0.0000,0.0000
1827,303,303,0,0,0.0000,0.0000
1828,303,303,0,0,0.0000,0.0000
1829,303,303,0,0,0.0000,0.0000
1830,303,303,0,0,0.0000,0.0000
1831,303,303,0,0,0.0000,0.0000
1832,303,303,0,0,0.0000,0.0000
1833,303,303,0,0,0.0000,0.0000
1834,303,303,0,0,0.0000,0.0000
1835,303,303,0,0,0.0000,0.0000
1836,303,303,0,0,0.0000,0.0000
1837,303,303,0,0,0.0000,0.0000
1838,303,303,0,0,0.0000,0.0000
1839,303,303,0,0,0.0000,0.0000
1840,303,303,0,0,0.0000,0.0000
1841,303,303,0,0,0.0000,0.0000
1842,303,303,0,0,0.0000,0.0000
1843,303,303,0,0,0.0000,0.0000
1844,303,303,0,0,0.0000,0.0000
1845,302,302,0,0,0.0000,0.0000
1846,302,302,0,0,0.0000,0.0000
1847,302,302,0,0,0.0000,0.0000
1848,302,302,0,0,0.0000,0.0000
1849,302,302,0,0,0.0000,0.0000
1850,302,302,0,0,0.0000,0.0000
1851,302,302,0,0,0.0000,0.0000
1852,301,301,0,0,0.0000,0.0000
1853,301,301,0,0,0.0000,0.0000
1854,301,301,0,0,0.0000,0.0000
1855,301,301,0,0,0.0000,0.0000
1856,301,301,0,0,0.0000,0.0000
1857,301,301,0,0,0.0000,0.0000
1858,301,301,0,0,0.0000,0.0000
1859,301,301,0,0,0.0000,0.0000
1860,301,301,0,0,0.0000,0.0000
1861,301,301,0,0,0.0000,0.0000
1862,299,299,0,0,0.0000,0.0000
1863,302,302,0,0,0.0000,0.0000
1864,302,302,0,0,0.0000,0.0000
1865,302,302,0,0,0.0000,0.0000
1866,302,302,0,0,0.0000,0.0000
1867,301,301,0,0,0.0000,0.0000
1868,301,301,0,0,0.0000,0.0000
1869,301,301,0,0,0.0000,0.0000
1870,301,301,0,0,0.0000,0.0000
1871,301,301,0,0,0.0000,0.0000
1872,301,301,0,0,0.0000,0.0000
1873,301,301,0,0,0.0000,0.0000
1874,301,301,0,0,0.0000,0.0000
1875,301,301,0,0,0.0000,0.0000
1876,301,301,0,0,0.0000,0.0000
1877,301,301,0,0,0.0000,0.0000
1878,301,301,0,0,0.0000,0.0000
1879,301,301,0,0,0.0000,0.0000
1880,301,301,0,0,0.0000,0.0000
1881,301,301,0,0,0.0000,0.0000
1882,301,301,0,0,0.0000,0.0000
1883,301,301,0,0,0.0000,0.0000
1884,301,301,0,0,0.0000,0.0000
1885,301,301,0,0,0.0000,0.0000
1886,301,301,0,0,0.0000,0.0000
1887,301,301,0,0,0.0000,0.0000
1888,301,301,0,0,0.0000,0.0000
1889,301,301,0,0,0.0000,0.0000
1890,301,301,0,0,0.0000,0.0000
1891,301,301,0,0,0.0000,0.0000
1892,301,301,0,0,0.0000,0.0000
1893,301,301,0,0,0.0000,0.0000
1894,301,301,0,0,0.0000,0.0000
1895,301,301,0,0,0.0000,0.0000
1896,301,301,0,0,0.0000,0.0000
1897,301,301,0,0,0.0000,0.0000
1898,301,301,0,0,0.0000,0.0000
1899,301,301,0,0,0.0000,0.0000
1900,301,301,0,0,0.0000,0.0000
1901,301,301,0,0,0.0000,0.0000
1902,301,301,0,0,0.0000,0.0000
1903,301,301,0,0,0.0000,0.0000
1904,301,301,0,0,0.0000,0.0000
1905,301,301,0,0,0.0000,0.0000
1906,300,300,0,0,0.0000,0.0000
1907,300,300,0,0,0.0000,0.0000
1908,299,299,0,0,0.0000,0.0000
1909,304,304,0,0,0.0000,0.0000
1910,304,304,0,0,0.0000,0.0000
1911,304,304,0,0,0.0000,0.0000
1912,304,304,0,0,0.0000,0.0000
1913,304,304,0,0,0.0000,0.0000
1914,304,304,0,0,0.0000,0.0000
1915,304,304,0,0,0.0000,0.0000
1916,304,304,0,0,0.0000,0.0000
1917,304,304,0,0,0.0000,0.0000
1918,304,304,0,0,0.0000,0.0000
1919,304,304,0,0,0.0000,0.0000
1920,304,304,0,0,0.0000,0.0000
1921,304,304,0,0,0.0000,0.0000
1922,304,304,0,0,0.0000,0.0000
1923,304,304,0,0,0.0000,0.0000
1924,303,303,0,0,0.0000,0.0000
1925,303,303,0,0,0.0000,0.0000
1926,303,303,0,0,0.0000,0.0000
1927,303,303,0,0,0.0000,0.0000
1928,303,303,0,0,0.0000,0.0000
1929,303,303,0,0,0.0000,0.0000
1930,303,303,0,0,0.0000,0.0000
1931,303,303,0,0,0.0000,0.0000
1932,303,303,0,0,0.0000,0.0000
1933,302,302,0,0,0.0000,0.0000
1934,302,302,0,0,0.0000,0.0000
1935,302,302,0,0,0.0000,0.0000
1936,302,302,0,0,0.0000,0.0000
1937,302,302,0,0,0.0000,0.0000
1938,301,301,0,0,0.0000,0.0000
1939,301,301,0,0,0.0000,0.0000
1940,301,301,0,0,0.0000,0.0000
1941,301,301,0,0,0.0000,0.0000
1942,301,301,0,0,0.0000,0.0000
1943,301,301,0,0,0.0000,0.0000
1944,301,301,0,0,0.0000,0.0000
1945,301,301,0,0,0.0000,0.0000
1946,301,301,0,0,0.0000,0.0000
1947,301,301,0,0,0.0000,0.0000
1948,301,301,0,0,0.0000,0.0000
1949,301,301,0,0,0.0000,0.0000
1950,300,300,0,0,0.0000,0.0000
1951,300,300,0,0,0.0000,0.0000
1952,300,300,0,0,0.0000,0.0000
1953,300,300,0,0,0.0000,0.0000
1954,300,300,0,0,0.0000,0.0000
1955,300,300,0,0,0.0000,0.0000
1956,300,300,0,0,0.0000,0.0000
1957,300,300,0,0,0.0000,0.0000
1958,300,300,0,0,0.0000,0.0000
1959,300,300,0,0,0.0000,0.0000
1960,300,300,0,0,0.0000,0.0000
1961,300,300,0,0,0.0000,0.0000
1962,300,300,0,0,0.0000,0.0000
1963,300,300,0,0,0.0000,0.0000
1964,300,300,0,0,0.0000,0.0000
1965,300,300,0,0,0.0000,0.0000
1966,300,300,0,0,0.0000,0.0000
1967,300,300,0,0,0.0000,0.0000
1968,300,300,0,0,0.0000,0.0000
1969,300,300,0,0,0.0000,0.0000
1970,300,300,0,0,0.0000,0.0000
1971,300,300,0,0,0.0000,0.0000
1972,300,300,0,0,0.0000,0.0000
1973,300,300,0,0,0.0000,0.0000
1974,300,300,0,0,0.0000,0.0000
1975,300,300,0,0,0.0000,0.0000
1976,300,300,0,0,0.0000,0.0000
1977,300,300,0,0,0.0000,0.0000
1978,300,300,0,0,0.0000,0.0000
1979,300,300,0,0,0.0000,0.0000
1980,300,300,0,0,0.0000,0.0000
1981,300,300,0,0,0.0000,0.0000
1982,300,300,0,0,0.0000,0.0000
1983,300,300,0,0,0.0000,0.0000
1984,300,300,0,0,0.0000,0.0000
1985,300,300,0,0,0.0000,0.0000
1986,300,300,0,0,0.0000,0.0000
1987,300,300,0,0,0.0000,0.0000
1988,300,300,0,0,0.0000,0.0000
1989,300,300,0,0,0.0000,0.0000
1990,300,300,0,0,0.0000,0.0000
1991,300,300,0,0,0.0000,0.0000
1992,300,300,0,0,0.0000,0.0000
1993,300,300,0,0,0.0000,0.0000
1994,300,300,0,0,0.0000,0.0000
1995,300,300,0,0,0.0000,0.0000
1996,300,300,0,0,0.0000,0.0000
1997,300,300,0,0,0.0000,0.0000
1998,300,300,0,0,0.0000,0.0000
1999,300,300,0,0,0.0000,0.0000
2000,300,300,0,0,0.0000,0.0000
2001,299,299,0,0,0.0000,0.0000
2002,299,299,0,0,0.0000,0.0000
2003,301,301,0,0,0.0000,0.0000
2004,301,301,0,0,0.0000,0.0000
2005,299,299,0,0,0.0000,0.0000
2006,304,304,0,0,0.0000,0.0000
2007,304,304,0,0,0.0000,0.0000
2008,304,304,0,0,0.0000,0.0000
2009,304,304,0,0,0.0000,0.0000
2010,304,304,0,0,0.0000,0.0000
2011,304,304,0,0,0.0000,0.0000
2012,304,304,0,0,0.0000,0.0000
2013,304,304,0,0,0.0000,0.0000
2014,304,304,0,0,0.0000,0.0000
2015,304,304,0,0,0.0000,0.0000
2016,304,304,0,0,0.0000,0.0000
2017,304,304,0,0,0.0000,0.0000
2018,304,304,0,0,0.0000,0.0000
2019,304,304,0,0,0.0000,0.0000
2020,304,304,0,0,0.0000,0.0000
2021,304,304,0,0,0.0000,0.0000
2022,304,304,0,0,0.0000,0.0000
2023,304,304,0,0,0.0000,0.0000
2024,304,304,0,0,0.0000,0.0000
2025,304,304,0,0,0.0000,0.0000
2026,304,304,0,0,0.0000,0.0000
2027,304,304,0,0,0.0000,0.0000
2028,304,304,0,0,0.0000,0.0000
2029,304,304,0,0,0.0000,0.0000
2030,304,304,0,0,0.0000,0.0000
2031,304,304,0,0,0.0000,0.0000
2032,304,304,0,0,0.0000,0.0000
2033,304,304,0,0,0.0000,0.0000
2034,304,304,0,0,0.0000,0.0000
2035,304,304,0,0,0.0000,0.0000
2036,304,304,0,0,0.0000,0.0000
2037,304,304,0,0,0.0000,0.0000
2038,304,304,0,0,0.0000,0.0000
2039,304,304,0,0,0.0000,0.0000
2040,304,304,0,0,0.0000,0.0000
2041,304,304,0,0,0.0000,0.0000
2042,304,304,0,0,0.0000,0.0000
2043,304,304,0,0,0.0000,0.0000
2044,304,304,0,0,0.0000,0.0000
2045,304,304,0,0,0.0000,0.0000
2046,304,304,0,0,0.0000,0.0000
2047,304,304,0,0,0.0000,0.0000
2048,304,304,0,0,0.0000,0.0000
2049,304,304,0,0,0.0000,0.0000
2050,303,303,0,0,0.0000,0.0000
2051,303,303,0,0,0.0000,0.0000
2052,303,303,0,0,0.0000,0.0000
2053,303,303,0,0,0.0000,0.0000
2054,302,302,0,0,0.0000,0.0000
2055,302,302,0,0,0.0000,0.0000
2056,302,302,0,0,0.0000,0.0000
2057,301,301,0,0,0.0000,0.0000
2058,301,301,0,0,0.0000,0.0000
2059,301,301,0,0,0.0000,0.0000
2060,301,301,0,0,0.0000,0.0000
2061,301,301,0,0,0.0000,0.0000
2062,301,301,0,0,0.0000,0.0000
2063,301,301,0,0,0.0000,0.0000
2064,301,301,0,0,0.0000,0.0000
2065,301,301,0,0,0.0000,0.0000
2066,301,301,0,0,0.0000,0.0000
2067,301,301,0,0,0.0000,0.0000
2068,301,301,0,0,0.0000,0.0000
2069,301,301,0,0,0.0000,0.0000
2070,301,301,0,0,0.0000,0.0000
2071,301,301,0,0,0.0000,0.0000
2072,301,301,0,0,0.0000,0.0000
2073,301,301,0,0,0.0000,0.0000
2074,301,301,0,0,0.0000,0.0000
2075,301,301,0,0,0.0000,0.0000
2076,301,301,0,0,0.0000,0.0000
2077,301,301,0,0,0.0000,0.0000
2078,301,301,0,0,0.0000,0.0000
2079,301,301,0,0,0.0000,0.0000
2080,301,301,0,0,0.0000,0.0000
2081,301,301,0,0,0.0000,0.0000
2082,301,301,0,0,0.0000,0.0000
2083,301,301,0,0,0.0000,0.0000
2084,301,301,0,0,0.0000,0.0000
2085,300,300,0,0,0.0000,0.0000
2086,300,300,0,0,0.0000,0.0000
2087,300,300,0,0,0.0000,0.0000
2088,300,300,0,0,0.0000,0.0000
2089,300,300,0,0,0.0000,0.0000
2090,300,300,0,0,0.0000,0.0000
2091,300,300,0,0,0.0000,0.0000
2092,300,300,0,0,0.0000,0.0000
2093,300,300,0,0,0.0000,0.0000
2094,300,300,0,0,0.0000,0.0000
2095,300,300,0,0,0.0000,0.0000
2096,300,300,0,0,0.0000,0.0000
2097,300,300,0,0,0.0000,0.0000
2098,300,300,0,0,0.0000,0.0000
2099,300,300,0,0,0.0000,0.0000
2100,299,299,0,0,0.0000,0.0000
2101,300,300,0,0,0.0000,0.0000
2102,300,300,0,0,0.0000,0.0000
2103,300,300,0,0,0.0000,0.0000
2104,300,300,0,0,0.0000,0.0000
2105,300,300,0,0,0.0000,0.0000
2106,300,300,0,0,0.0000,0.0000
2107,300,300,0,0,0.0000,0.0000
2108,300,300,0,0,0.0000,0.0000
2109,300,300,0,0,0.0000,0.0000
2110,300,300,0,0,0.0000,0.0000
2111,300,300,0,0,0.0000,0.0000
2112,300,300,0,0,0.0000,0.0000
2113,300,300,0,0,0.0000,0.0000
2114,300,300,0,0,0.0000,0.0000
2115,300,300,0,0,0.0000,0.0000
2116,300,300,0,0,0.0000,0.0000
2117,300,300,0,0,0.0000,0.0000
2118,300,300,0,0,0.0000,0.0000
2119,300,300,0,0,0.0000,0.0000
2120,300,300,0,0,0.0000,0.0000
2121,300,300,0,0,0.0000,0.0000
2122,300,300,0,0,0.0000,0.0000
2123,300,300,0,0,0.0000,0.0000
2124,300,300,0,0,0.0000,0.0000
2125,300,300,0,0,0.0000,0.0000
2126,300,300,0,0,0.0000,0.0000
2127,300,300,0,0,0.0000,0.0000
2128,300,300,0,0,0.0000,0.0000
2129,300,300,0,0,0.0000,0.0000
2130,300,300,0,0,0.0000,0.0000
2131,300,300,0,0,0.0000,0.0000
2132,300,300,0,0,0.0000,0.0000
2133,300,300,0,0,0.0000,0.0000
2134,300,300,0,0,0.0000,0.0000
2135,300,300,0,0,0.0000,0.0000
2136,300,300,0,0,0.0000,0.0000
2137,300,300,0,0,0.0000,0.0000
2138,300,300,0,0,0.0000,0.0000
2139,300,300,0,0,0.0000,0.0000
2140,300,300,0,0,0.0000,0.0000
2141,300,300,0,0,0.0000,0.0000
2142,300,300,0,0,0.0000,0.0000
2143,300,300,0,0,0.0000,0.0000
2144,300,300,0,0,0.0000,0.0000
2145,300,300,0,0,0.0000,0.0000
2146,300,300,0,0,0.0000,0.0000
2147,300,300,0,0,0.0000,0.0000
2148,300,300,0,0,0.0000,0.0000
2149,300,300,0,0,0.0000,0.0000
2150,299,299,0,0,0.0000,0.0000
2151,301,301,0,0,0.0000,0.0000
2152,301,301,0,0,0.0000,0.0000
2153,301,301,0,0,0.0000,0.0000
2154,301,301,0,0,0.0000,0.0000
2155,301,301,0,0,0.0000,0.0000
2156,301,301,0,0,0.0000,0.0000
2157,301,301,0,0,0.0000,0.0000
2158,301,301,0,0,0.0000,0.0000
2159,301,301,0,0,0.0000,0.0000
2160,301,301,0,0,0.0000,0.0000
2161,300,300,0,0,0.0000,0.0000
2162,300,300,0,0,0.0000,0.0000
2163,300,300,0,0,0.0000,0.0000
2164,300,300,0,0,0.0000,0.0000
2165,299,299,0,0,0.0000,0.0000
2166,304,304,0,0,0.0000,0.0000
2167,304,304,0,0,0.0000,0.0000
2168,304,304,0,0,0.0000,0.0000
2169,304,304,0,0,0.0000,0.0000
2170,304,304,0,0,0.0000,0.0000
2171,304,304,0,0,0.0000,0.0000
2172,304,304,0,0,0.0000,0.0000
2173,304,304,0,0,0.0000,0.0000
2174,304,304,0,0,0.0000,0.0000
2175,304,304,0,0,0.0000,0.0000
2176,304,304,0,0,0.0000,0.0000
2177,304,304,0,0,0.0000,0.0000
2178,304,304,0,0,0.0000,0.0000
2179,304,304,0,0,0.0000,0.0000
2180,304,304,0,0,0.0000,0.0000
2181,304,304,0,0,0.0000,0.0000
2182,304,304,0,0,0.0000,0.0000
2183,304,304,0,0,0.0000,0.0000
2184,304,304,0,0,0.0000,0.0000
2185,304,304,0,0,0.0000,0.0000
2186,304,304,0,0,0.0000,0.0000
2187,304,304,0,0,0.0000,0.0000
2188,304,304,0,0,0.0000,0.0000
2189,304,304,0,0,0.0000,0.0000
2190,304,304,0,0,0.0000,0.0000
2191,304,304,0,0,0.0000,0.0000
2192,304,304,0,0,0.0000,0.0000
2193,304,304,0,0,0.0000,0.0000
2194,304,304,0,0,0.0000,0.0000
2195,304,304,0,0,0.0000,0.0000
2196,304,304,0,0,0.0000,0.0000
2197,304,304,0,0,0.0000,0.0000
2198,304,304,0,0,0.0000,0.0000
2199,304,304,0,0,0.0000,0.0000
2200,304,304,0,0,0.0000,0.0000
2201,304,304,0,0,0.0000,0.0000
2202,304,304,0,0,0.0000,0.0000
2203,304,304,0,0,0.0000,0.0000
2204,304,304,0,0,0.0000,0.0000
2205,304,304,0,0,0.0000,0.0000
2206,304,304,0,0,0.0000,0.0000
2207,304,304,0,0,0.0000,0.0000
2208,304,304,0,0,0.0000,0.0000
2209,304,304,0,0,0.0000,0.0000
2210,304,304,0,0,0.0000,0.0000
2211,304,304,0,0,0.0000,0.0000
2212,304,304,0,0,0.0000,0.0000
2213,303,303,0,0,0.0000,0.0000
2214,303,303,0,0,0.0000,0.0000
2215,303,303,0,0,0.0000,0.0000
2216,303,303,0,0,0.0000,0.0000
2217,303,303,0,0,0.0000,0.0000
2218,303,303,0,0,0.0000,0.0000
2219,303,303,0,0,0.0000,0.0000
2220,303,303,0,0,0.0000,0.0000
2221,303,303,0,0,0.0000,0.0000
2222,303,303,0,0,0.0000,0.0000
2223,303,303,0,0,0.0000,0.0000
2224,303,303,0,0,0.0000,0.0000
2225,303,303,0,0,0.0000,0.0000
2226,303,303,0,0,0.0000,0.0000
2227,303,303,0,0,0.0000,0.0000
2228,303,303,0,0,0.0000,0.0000
2229,303,303,0,0,0.0000,0.0000
2230,303,303,0,0,0.0000,0.0000
2231,303,303,0,0,0.0000,0.0000
2232,303,303,0,0,0.0000,0.0000
2233,303,303,0,0,0.0000,0.0000
2234,303,303,0,0,0.0000,0.0000
2235,303,303,0,0,0.0000,0.0000
2236,302,302,0,0,0.0000,0.0000
2237,302,302,0,0,0.0000,0.0000
2238,302,302,0,0,0.0000,0.0000
2239,302,302,0,0,0.0000,0.0000
2240,302,302,0,0,0.0000,0.0000
2241,302,302,0,0,0.0000,0.0000
2242,302,302,0,0,0.0000,0.0000
2243,302,302,0,0,0.0000,0.0000
2244,302,302,0,0,0.0000,0.0000
2245,302,302,0,0,0.0000,0.0000
2246,302,302,0,0,0.0000,0.0000
2247,302,302,0,0,0.0000,0.0000
2248,302,302,0,0,0.0000,0.0000
2249,302,302,0,0,0.0000,0.0000
2250,302,302,0,0,0.0000,0.0000
2251,302,302,0,0,0.0000,0.0000
2252,301,301,0,0,0.0000,0.0000
2253,301,301,0,0,0.0000,0.0000
2254,301,301,0,0,0.0000,0.0000
2255,301,301,0,0,0.0000,0.0000
2256,301,301,0,0,0.0000,0.0000
2257,301,301,0,0,0.0000,0.0000
2258,301,301,0,0,0.0000,0.0000
2259,301,301,0,0,0.0000,0.0000
2260,301,301,0,0,0.0000,0.0000
2261,301,301,0,0,0.0000,0.0000
2262,301,301,0,0,0.0000,0.0000
2263,301,301,0,0,0.0000,0.0000
2264,301,301,0,0,0.0000,0.0000
2265,301,301,0,0,0.0000,0.0000
2266,300,300,0,0,0.0000,0.0000
2267,300,300,0,0,0.0000,0.0000
2268,300,300,0,0,0.0000,0.0000
2269,300,300,0,0,0.0000,0.0000
2270,300,300,0,0,0.0000,0.0000
2271,300,300,0,0,0.0000,0.0000
2272,300,300,0,0,0.0000,0.0000
2273,300,300,0,0,0.0000,0.0000
2274,300,300,0,0,0.0000,0.0000
2275,300,300,0,0,0.0000,0.0000
2276,300,300,0,0,0.0000,0.0000
2277,300,300,0,0,0.0000,0.0000
2278,300,300,0,0,0.0000,0.0000
2279,300,300,0,0,0.0000,0.0000
2280,300,300,0,0,0.0000,0.0000
2281,299,299,0,0,0.0000,0.0000
2282,302,302,0,0,0.0000,0.0000
2283,302,302,0,0,0.0000,0.0000
2284,302,302,0,0,0.0000,0.0000
2285,302,302,0,0,0.0000,0.0000
2286,302,302,0,0,0.0000,0.0000
2287,302,302,0,0,0.0000,0.0000
2288,302,302,0,0,0.0000,0.0000
2289,302,302,0,0,0.0000,0.0000
2290,302,302,0,0,0.0000,0.0000
2291,302,302,0,0,0.0000,0.0000
2292,302,302,0,0,0.0000,0.0000
2293,302,302,0,0,0.0000,0.0000
2294,302,302,0,0,0.0000,0.0000
2295,302,302,0,0,0.0000,0.0000
2296,302,302,0,0,0.0000,0.0000
2297,302,302,0,0,0.0000,0.0000
2298,302,302,0,0,0.0000,0.0000
2299,302,302,0,0,0.0000,0.0000
2300,302,302,0,0,0.0000,0.0000
2301,302,302,0,0,0.0000,0.0000
2302,302,302,0,0,0.0000,0.0000
2303,302,302,0,0,0.0000,0.0000
2304,302,302,0,0,0.0000,0.0000
2305,302,302,0,0,0.0000,0.0000
2306,302,302,0,0,0.0000,0.0000
2307,301,301,0,0,0.0000,0.0000
2308,301,301,0,0,0.0000,0.0000
2309,301,301,0,0,0.0000,0.0000
2310,301,301,0,0,0.0000,0.0000
2311,301,301,0,0,0.0000,0.0000
2312,301,301,0,0,0.0000,0.0000
2313,301,301,0,0,0.0000,0.0000
2314,301,301,0,0,0.0000,0.0000
2315,301,301,0,0,0.0000,0.0000
2316,301,301,0,0,0.0000,0.0000
2317,301,301,0,0,0.0000,0.0000
2318,301,301,0,0,0.0000,0.0000
2319,301,301,0,0,0.0000,0.0000
2320,300,300,0,0,0.0000,0.0000
2321,300,300,0,0,0.0000,0.0000
2322,300,300,0,0,0.0000,0.0000
2323,300,300,0,0,0.0000,0.0000
2324,300,300,0,0,0.0000,0.0000
2325,300,300,0,0,0.0000,0.0000
2326,300,300,0,0,0.0000,0.0000
2327,300,300,0,0,0.0000,0.0000
2328,300,300,0,0,0.0000,0.0000
2329,300,300,0,0,0.0000,0.0000
2330,300,300,0,0,0.0000,0.0000
2331,300,300,0,0,0.0000,0.0000
2332,300,300,0,0,0.0000,0.0000
2333,300,300,0,0,0.0000,0.0000
2334,300,300,0,0,0.0000,0.0000
2335,300,300,0,0,0.0000,0.0000
2336,300,300,0,0,0.0000,0.0000
2337,300,300,0,0,0.0000,0.0000
2338,300,300,0,0,0.0000,0.0000
2339,300,300,0,0,0.0000,0.0000
2340,300,300,0,0,0.0000,0.0000
2341,300,300,0,0,0.0000,0.0000
2342,300,300,0,0,0.0000,0.0000
2343,300,300,0,0,0.0000,0.0000
2344,299,299,0,0,0.0000,0.0000
2345,300,300,0,0,0.0000,0.0000
2346,300,300,0,0,0.0000,0.0000
2347,300,300,0,0,0.0000,0.0000
2348,300,300,0,0,0.0000,0.0000
2349,300,300,0,0,0.0000,0.0000
2350,300,300,0,0,0.0000,0.0000
2351,300,300,0,0,0.0000,0.0000
2352,300,300,0,0,0.0000,0.0000
2353,300,300,0,0,0.0000,0.0000
2354,300,300,0,0,0.0000,0.0000
2355,299,299,0,0,0.0000,0.0000
2356,303,303,0,0,0.0000,0.0000
2357,303,303,0,0,0.0000,0.0000
2358,303,303,0,0,0.0000,0.0000
2359,303,303,0,0,0.0000,0.0000
2360,303,303,0,0,0.0000,0.0000
2361,303,303,0,0,0.0000,0.0000
2362,303,303,0,0,0.0000,0.0000
2363,303,303,0,0,0.0000,0.0000
2364,303,303,0,0,0.0000,0.0000
2365,303,303,0,0,0.0000,0.0000
2366,303,303,0,0,0.0000,0.0000
2367,303,303,0,0,0.0000,0.0000
2368,303,303,0,0,0.0000,0.0000
2369,303,303,0,0,0.0000,0.0000
2370,303,303,0,0,0.0000,0.0000
2371,303,303,0,0,0.0000,0.0000
2372,303,303,0,0,0.0000,0.0000
2373,303,303,0,0,0.0000,0.0000
2374,303,303,0,0,0.0000,0.0000
2375,303,303,0,0,0.0000,0.0000
2376,303,303,0,0,0.0000,0.0000
2377,303,303,0,0,0.0000,0.0000
2378,303,303,0,0,0.0000,0.0000
2379,303,303,0,0,0.0000,0.0000
2380,303,303,0,0,0.0000,0.0000
2381,302,302,0,0,0.0000,0.0000
2382,302,302,0,0,0.0000,0.0000
2383,302,302,0,0,0.0000,0.0000
2384,302,302,0,0,0.0000,0.0000
2385,302,302,0,0,0.0000,0.0000
2386,302,302,0,0,0.0000,0.0000
2387,302,302,0,0,0.0000,0.0000
2388,302,302,0,0,0.0000,0.0000
2389,301,301,0,0,0.0000,0.0000
2390,301,301,0,0,0.0000,0.0000
2391,301,301,0,0,0.0000,0.0000
2392,301,301,0,0,0.0000,0.0000
2393,301,301,0,0,0.0000,0.0000
2394,301,301,0,0,0.0000,0.0000
2395,301,301,0,0,0.0000,0.0000
2396,301,301,0,0,0.0000,0.0000
2397,301,301,0,0,0.0000,0.0000
2398,301,301,0,0,0.0000,0.0000
2399,301,301,0,0,0.0000,0.0000
2400,301,301,0,0,0.0000,0.0000
2401,301,301,0,0,0.0000,0.0000
2402,301,301,0,0,0.0000,0.0000
2403,300,300,0,0,0.0000,0.0000
2404,300,300,0,0,0.0000,0.0000
2405,300,300,0,0,0.0000,0.0000
2406,300,300,0,0,0.0000,0.0000
2407,300,300,0,0,0.0000,0.0000
2408,300,300,0,0,0.0000,0.0000
2409,300,300,0,0,0.0000,0.0000
2410,300,300,0,0,0.0000,0.0000
2411,300,300,0,0,0.0000,0.0000
2412,300,300,0,0,0.0000,0.0000
2413,300,300,0,0,0.0000,0.0000
2414,300,300,0,0,0.0000,0.0000
2415,300,300,0,0,0.0000,0.0000
2416,300,300,0,0,0.0000,0.0000
2417,300,300,0,0,0.0000,0.0000
2418,300,300,0,0,0.0000,0.0000
2419,300,300,0,0,0.0000,0.0000
2420,300,300,0,0,0.0000,0.0000
2421,300,300,0,0,0.0000,0.0000
2422,299,299,0,0,0.0000,0.0000
2423,302,302,0,0,0.0000,0.0000
2424,302,302,0,0,0.0000,0.0000
2425,302,302,0,0,0.0000,0.0000
2426,302,302,0,0,0.0000,0.0000
2427,302,302,0,0,0.0000,0.0000
2428,302,302,0,0,0.0000,0.0000
2429,302,302,0,0,0.0000,0.0000
2430,302,302,0,0,0.0000,0.0000
2431,302,302,0,0,0.0000,0.0000
2432,302,302,0,0,0.0000,0.0000
2433,302,302,0,0,0.0000,0.0000
2434,302,302,0,0,0.0000,0.0000
2435,302,302,0,0,0.0000,0.0000
2436,302,302,0,0,0.0000,0.0000
2437,302,302,0,0,0.0000,0.0000
2438,301,301,0,0,0.0000,0.0000
2439,301,301,0,0,0.0000,0.0000
2440,301,301,0,0,0.0000,0.0000
2441,301,301,0,0,0.0000,0.0000
2442,301,301,0,0,0.0000,0.0000
2443,301,301,0,0,0.0000,0.0000
2444,301,301,0,0,0.0000,0.0000
2445,301,301,0,0,0.0000,0.0000
2446,301,301,0,0,0.0000,0.0000
2447,301,301,0,0,0.0000,0.0000
2448,301,301,0,0,0.0000,0.0000
2449,301,301,0,0,0.0000,0.0000
2450,301,301,0,0,0.0000,0.0000
2451,300,300,0,0,0.0000,0.0000
2452,300,300,0,0,0.0000,0.0000
2453,300,300,0,0,0.0000,0.0000
2454,300,300,0,0,0.0000,0.0000
2455,300,300,0,0,0.0000,0.0000
2456,300,300,0,0,0.0000,0.0000
2457,300,300,0,0,0.0000,0.0000
2458,300,300,0,0,0.0000,0.0000
2459,300,300,0,0,0.0000,0.0000
2460,300,300,0,0,0.0000,0.0000
2461,300,300,0,0,0.0000,0.0000
2462,300,300,0,0,0.0000,0.0000
2463,300,300,0,0,0.0000,0.0000
2464,300,300,0,0,0.0000,0.0000
2465,300,300,0,0,0.0000,0.0000
2466,300,300,0,0,0.0000,0.0000
2467,300,300,0,0,0.0000,0.0000
2468,300,300,0,0,0.0000,0.0000
2469,300,300,0,0,0.0000,0.0000
2470,300,300,0,0,0.0000,0.0000
2471,300,300,0,0,0.0000,0.0000
2472,300,300,0,0,0.0000,0.0000
2473,300,300,0,0,0.0000,0.0000
2474,300,300,0,0,0.0000,0.0000
2475,300,300,0,0,0.0000,0.0000
2476,300,300,0,0,0.0000,0.0000
2477,300,300,0,0,0.0000,0.0000
2478,300,300,0,0,0.0000,0.0000
2479,300,300,0,0,0.0000,0.0000
2480,300,300,0,0,0.0000,0.0000
2481,300,300,0,0,0.0000,0.0000
2482,300,300,0,0,0.0000,0.0000
2483,300,300,0,0,0.0000,0.0000
2484,300,300,0,0,0.0000,0.0000
2485,300,300,0,0,0.0000,0.0000
2486,300,300,0,0,0.0000,0.0000
2487,300,300,0,0,0.0000,0.0000
2488,300,300,0,0,0.0000,0.0000
2489,300,300,0,0,0.0000,0.0000
2490,300,300,0,0,0.0000,0.0000
2491,300,300,0,0,0.0000,0.0000
2492,300,300,0,0,0.0000,0.0000
2493,300,300,0,0,0.0000,0.0000
2494,300,300,0,0,0.0000,0.0000
2495,300,300,0,0,0.0000,0.0000
2496,300,300,0,0,0.0000,0.0000
2497,300,300,0,0,0.0000,0.0000
2498,300,300,0,0,0.0000,0.0000
2499,300,300,0,0,0.0000,0.0000
2500,300,300,0,0,0.0000,0.0000
2501,300,300,0,0,0.0000,0.0000
2502,300,300,0,0,0.0000,0.0000
2503,300,300,0,0,0.0000,0.0000
2504,300,300,0,0,0.0000,0.0000
2505,300,300,0,0,0.0000,0.0000
2506,300,300,0,0,0.0000,0.0000
2507,300,300,0,0,0.0000,0.0000
2508,299,299,0,0,0.0000,0.0000
2509,304,304,0,0,0.0000,0.0000
2510,304,304,0,0,0.0000,0.0000
2511,304,304,0,0,0.0000,0.0000
2512,304,304,0,0,0.0000,0.0000
2513,304,304,0,0,0.0000,0.0000
2514,304,304,0,0,0.0000,0.0000
2515,304,304,0,0,0.0000,0.0000
2516,304,304,0,0,0.0000,0.0000
2517,304,304,0,0,0.0000,0.0000
2518,304,304,0,0,0.0000,0.0000
2519,304,304,0,0,0.0000,0.0000
2520,304,304,0,0,0.0000,0.0000
2521,304,304,0,0,0.0000,0.0000
2522,304,304,0,0,0.0000,0.0000
2523,304,304,0,0,0.0000,0.0000
2524,304,304,0,0,0.0000,0.0000
2525,304,304,0,0,0.0000,0.0000
2526,304,304,0,0,0.0000,0.0000
2527,304,304,0,0,0.0000,0.0000
2528,304,304,0,0,0.0000,0.0000
2529,304,304,0,0,0.0000,0.0000
2530,303,303,0,0,0.0000,0.0000
2531,303,303,0,0,0.0000,0.0000
2532,303,303,0,0,0.0000,0.0000
2533,303,303,0,0,0.0000,0.0000
2534,303,303,0,0,0.0000,0.0000
2535,303,303,0,0,0.0000,0.0000
2536,303,303,0,0,0.0000,0.0000
2537,303,303,0,0,0.0000,0.0000
2538,303,303,0,0,0.0000,0.0000
2539,303,303,0,0,0.0000,0.0000
2540,303,303,0,0,0.0000,0.0000
2541,303,303,0,0,0.0000,0.0000
2542,303,303,0,0,0.0000,0.0000
2543,303,303,0,0,0.0000,0.0000
2544,303,303,0,0,0.0000,0.0000
2545,303,303,0,0,0.0000,0.0000
2546,303,303,0,0,0.0000,0.0000
2547,303,303,0,0,0.0000,0.0000
2548,303,303,0,0,0.0000,0.0000
2549,303,303,0,0,0.0000,0.0000
2550,303,303,0,0,0.0000,0.0000
2551,303,303,0,0,0.0000,0.0000
2552,303,303,0,0,0.0000,0.0000
2553,303,303,0,0,0.0000,0.0000
2554,302,302,0,0,0.0000,0.0000
2555,302,302,0,0,0.0000,0.0000
2556,302,302,0,0,0.0000,0.0000
2557,302,302,0,0,0.0000,0.0000
2558,302,302,0,0,0.0000,0.0000
2559,302,302,0,0,0.0000,0.0000
2560,302,302,0,0,0.0000,0.0000
2561,302,302,0,0,0.0000,0.0000
2562,302,302,0,0,0.0000,0.0000
2563,302,302,0,0,0.0000,0.0000
2564,301,301,0,0,0.0000,0.0000
2565,301,301,0,0,0.0000,0.0000
2566,301,301,0,0,0.0000,0.0000
2567,301,301,0,0,0.0000,0.0000
2568,301,301,0,0,0.0000,0.0000
2569,301,301,0,0,0.0000,0.0000
2570,301,301,0,0,0.0000,0.0000
2571,301,301,0,0,0.0000,0.0000
2572,301,301,0,0,0.0000,0.0000
2573,301,301,0,0,0.0000,0.0000
2574,301,301,0,0,0.0000,0.0000
2575,301,301,0,0,0.0000,0.0000
2576,300,300,0,0,0.0000,0.0000
2577,300,300,0,0,0.0000,0.0000
2578,300,300,0,0,0.0000,0.0000
2579,300,300,0,0,0.0000,0.0000
2580,299,299,0,0,0.0000,0.0000
2581,302,302,0,0,0.0000,0.0000
2582,302,302,0,0,0.0000,0.0000
2583,302,302,0,0,0.0000,0.0000
2584,302,302,0,0,0.0000,0.0000
2585,302,302,0,0,0.0000,0.0000
2586,302,302,0,0,0.0000,0.0000
2587,302,302,0,0,0.0000,0.0000
2588,302,302,0,0,0.0000,0.0000
2589,302,302,0,0,0.0000,0.0000
2590,302,302,0,0,0.0000,0.0000
2591,302,302,0,0,0.0000,0.0000
2592,302,302,0,0,0.0000,0.0000
2593,302,302,0,0,0.0000,0.0000
2594,302,302,0,0,0.0000,0.0000
2595,302,302,0,0,0.0000,0.0000
2596,302,302,0,0,0.0000,0.0000
2597,302,302,0,0,0.0000,0.0000
2598,301,301,0,0,0.0000,0.0000
2599,301,301,0,0,0.0000,0.0000
2600,301,301,0,0,0.0000,0.0000
2601,298,298,0,0,0.0000,0.0000
2602,298,298,0,0,0.0000,0.0000
2603,300,300,0,0,0.0000,0.0000
2604,300,300,0,0,0.0000,0.0000
2605,298,298,0,0,0.0000,0.0000
2606,302,302,0,0,0.0000,0.0000
2607,300,300,0,0,0.0000,0.0000
2608,299,299,0,0,0.0000,0.0000
2609,303,303,0,0,0.0000,0.0000
2610,302,302,0,0,0.0000,0.0000
2611,299,299,0,0,0.0000,0.0000
2612,299,299,0,0,0.0000,0.0000
2613,302,302,0,0,0.0000,0.0000
2614,299,299,0,0,0.0000,0.0000
2615,302,302,0,0,0.0000,0.0000
2616,302,302,0,0,0.0000,0.0000
2617,300,300,0,0,0.0000,0.0000
2618,295,295,0,0,0.0000,0.0000
2619,295,295,0,0,0.0000,0.0000
2620,299,299,0,0,0.0000,0.0000
2621,300,300,0,0,0.0000,0.0000
2622,300,300,0,0,0.0000,0.0000
2623,298,298,0,0,0.0000,0.0000
2624,297,297,0,0,0.0000,0.0000
2625,304,304,0,0,0.0000,0.0000
2626,304,304,0,0,0.0000,0.0000
2627,304,304,0,0,0.0000,0.0000
2628,302,302,0,0,0.0000,0.0000
2629,300,300,0,0,0.0000,0.0000
2630,296,296,0,0,0.0000,0.0000
2631,298,298,0,0,0.0000,0.0000
2632,302,302,0,0,0.0000,0.0000
2633,299,299,0,0,0.0000,0.0000
2634,300,300,0,0,0.0000,0.0000
2635,298,298,0,0,0.0000,0.0000
2636,299,299,0,0,0.0000,0.0000
2637,302,302,0,0,0.0000,0.0000
2638,298,298,0,0,0.0000,0.0000
2639,301,301,0,0,0.0000,0.0000
2640,300,300,0,0,0.0000,0.0000
2641,297,297,0,0,0.0000,0.0000
2642,295,295,0,0,0.0000,0.0000
2643,294,294,0,0,0.0000,0.0000
2644,294,294,0,0,0.0000,0.0000
2645,296,296,0,0,0.0000,0.0000
2646,297,297,0,0,0.0000,0.0000
2647,295,295,0,0,0.0000,0.0000
2648,300,300,0,0,0.0000,0.0000
2649,298,298,0,0,0.0000,0.0000
2650,296,296,0,0,0.0000,0.0000
2651,296,296,0,0,0.0000,0.0000
2652,296,296,0,0,0.0000,0.0000
2653,298,298,0,0,0.0000,0.0000
2654,296,296,0,0,0.0000,0.0000
2655,292,292,0,0,0.0000,0.0000
2656,291,291,0,0,0.0000,0.0000
2657,288,288,0,0,0.0000,0.0000
2658,288,288,0,0,0.0000,0.0000
2659,288,288,0,0,0.0000,0.0000
2660,290,290,0,0,0.0000,0.0000
2661,286,286,0,0,0.0000,0.0000
2662,284,284,0,0,0.0000,0.0000
2663,284,284,0,0,0.0000,0.0000
2664,286,286,0,0,0.0000,0.0000
2665,283,283,0,0,0.0000,0.0000
2666,280,280,0,0,0.0000,0.0000
2667,278,278,0,0,0.0000,0.0000
2668,275,275,0,0,0.0000,0.0000
2669,274,274,0,0,0.0000,0.0000
2670,270,270,0,0,0.0000,0.0000
2671,269,269,0,0,0.0000,0.0000
2672,271,271,0,0,0.0000,0.0000
2673,272,272,0,0,0.0000,0.0000
2674,269,269,0,0,0.0000,0.0000
2675,272,272,0,0,0.0000,0.0000
2676,276,276,0,0,0.0000,0.0000
2677,279,279,0,0,0.0000,0.0000
2678,281,281,0,0,0.0000,0.0000
2679,283,283,0,0,0.0000,0.0000
2680,286,286,0,0,0.0000,0.0000
2681,292,292,0,0,0.0000,0.0000
2682,295,295,0,0,0.0000,0.0000
2683,298,298,0,0,0.0000,0.0000
2684,299,299,0,0,0.0000,0.0000
2685,301,301,0,0,0.0000,0.0000
2686,301,301,0,0,0.0000,0.0000
2687,301,301,0,0,0.0000,0.0000
2688,301,301,0,0,0.0000,0.0000
2689,301,301,0,0,0.0000,0.0000
2690,301,301,0,0,0.0000,0.0000
2691,301,301,0,0,0.0000,0.0000
2692,301,301,0,0,0.0000,0.0000
2693,301,301,0,0,0.0000,0.0000
2694,301,301,0,0,0.0000,0.0000
2695,301,301,0,0,0.0000,0.0000
2696,301,301,0,0,0.0000,0.0000
2697,301,301,0,0,0.0000,0.0000
2698,301,301,0,0,0.0000,0.0000
2699,301,301,0,0,0.0000,0.0000
2700,301,301,0,0,0.0000,0.0000
2701,301,301,0,0,0.0000,0.0000
2702,301,301,0,0,0.0000,0.0000
2703,301,301,0,0,0.0000,0.0000
2704,301,301,0,0,0.0000,0.0000
2705,301,301,0,0,0.0000,0.0000
2706,301,301,0,0,0.0000,0.0000
2707,301,301,0,0,0.0000,0.0000
2708,301,301,0,0,0.0000,0.0000
2709,301,301,0,0,0.0000,0.0000
2710,301,301,0,0,0.0000,0.0000
2711,301,301,0,0,0.0000,0.0000
2712,301,301,0,0,0.0000,0.0000
2713,301,301,0,0,0.0000,0.0000
2714,301,301,0,0,0.0000,0.0000
2715,301,301,0,0,0.0000,0.0000
2716,301,301,0,0,0.0000,0.0000
2717,301,301,0,0,0.0000,0.0000
2718,301,301,0,0,0.0000,0.0000
2719,301,301,0,0,0.0000,0.0000
2720,301,301,0,0,0.0000,0.0000
2721,301,301,0,0,0.0000,0.0000
2722,301,301,0,0,0.0000,0.0000
2723,301,301,0,0,0.0000,0.0000
2724,301,301,0,0,0.0000,0.0000
2725,301,301,0,0,0.0000,0.0000
2726,301,301,0,0,0.0000,0.0000
2727,301,301,0,0,0.0000,0.0000
2728,301,301,0,0,0.0000,0.0000
2729,301,301,0,0,0.0000,0.0000
2730,301,301,0,0,0.0000,0.0000
2731,301,301,0,0,0.0000,0.0000
2732,301,301,0,0,0.0000,0.0000
2733,301,301,0,0,0.0000,0.0000
2734,301,301,0,0,0.0000,0.0000
2735,301,301,0,0,0.0000,0.0000
2736,301,301,0,0,0.0000,0.0000
2737,301,301,0,0,0.0000,0.0000
2738,301,301,0,0,0.0000,0.0000
2739,301,301,0,0,0.0000,0.0000
2740,301,301,0,0,0.0000,0.0000
2741,301,301,0,0,0.0000,0.0000
2742,301,301,0,0,0.0000,0.0000
2743,301,301,0,0,0.0000,0.0000
2744,301,301,0,0,0.0000,0.0000
2745,301,301,0,0,0.0000,0.0000
2746,301,301,0,0,0.0000,0.0000
2747,301,301,0,0,0.0000,0.0000
2748,301,301,0,0,0.0000,0.0000
2749,301,301,0,0,0.0000,0.0000
2750,301,301,0,0,0.0000,0.0000
2751,301,301,0,0,0.0000,0.0000
2752,301,301,0,0,0.0000,0.0000
2753,301,301,0,0,0.0000,0.0000
2754,301,301,0,0,0.0000,0.0000
2755,301,301,0,0,0.0000,0.0000
2756,301,301,0,0,0.0000,0.0000
2757,301,301,0,0,0.0000,0.0000
2758,301,301,0,0,0.0000,0.0000
2759,301,301,0,0,0.0000,0.0000
2760,301,301,0,0,0.0000,0.0000
2761,301,301,0,0,0.0000,0.0000
2762,301,301,0,0,0.0000,0.0000
2763,301,301,0,0,0.0000,0.0000
2764,301,301,0,0,0.0000,0.0000
2765,301,301,0,0,0.0000,0.0000
2766,301,301,0,0,0.0000,0.0000
2767,301,301,0,0,0.0000,0.0000
2768,301,301,0,0,0.0000,0.0000
2769,301,301,0,0,0.0000,0.0000
2770,301,301,0,0,0.0000,0.0000
2771,301,301,0,0,0.0000,0.0000
2772,301,301,0,0,0.0000,0.0000
2773,301,301,0,0,0.0000,0.0000
2774,301,301,0,0,0.0000,0.0000
2775,301,301,0,0,0.0000,0.0000
2776,301,301,0,0,0.0000,0.0000
2777,301,301,0,0,0.0000,0.0000
2778,301,301,0,0,0.0000,0.0000
2779,301,301,0,0,0.0000,0.0000
2780,301,301,0,0,0.0000,0.0000
2781,301,301,0,0,0.0000,0.0000
2782,301,301,0,0,0.0000,0.0000
2783,301,301,0,0,0.0000,0.0000
2784,301,301,0,0,0.0000,0.0000
2785,301,301,0,0,0.0000,0.0000
2786,301,301,0,0,0.0000,0.0000
2787,301,301,0,0,0.0000,0.0000
2788,301,301,0,0,0.0000,0.0000
2789,301,301,0,0,0.0000,0.0000
2790,301,301,0,0,0.0000,0.0000
2791,301,301,0,0,0.0000,0.0000
2792,301,301,0,0,0.0000,0.0000
2793,301,301,0,0,0.0000,0.0000
2794,301,301,0,0,0.0000,0.0000
2795,301,301,0,0,0.0000,0.0000
2796,298,298,0,0,0.0000,0.0000
2797,300,300,0,0,0.0000,0.0000
2798,300,300,0,0,0.0000,0.0000
2799,300,300,0,0,0.0000,0.0000
2800,300,300,0,0,0.0000,0.0000
2801,300,300,0,0,0.0000,0.0000
2802,300,300,0,0,0.0000,0.0000
2803,300,300,0,0,0.0000,0.0000
2804,300,300,0,0,0.0000,0.0000
2805,300,300,0,0,0.0000,0.0000
2806,300,300,0,0,0.0000,0.0000
2807,300,300,0,0,0.0000,0.0000
2808,300,300,0,0,0.0000,0.0000
2809,300,300,0,0,0.0000,0.0000
2810,300,300,0,0,0.0000,0.0000
2811,300,300,0,0,0.0000,0.0000
2812,300,300,0,0,0.0000,0.0000
2813,300,300,0,0,0.0000,0.0000
2814,300,300,0,0,0.0000,0.0000
2815,300,300,0,0,0.0000,0.0000
2816,300,300,0,0,0.0000,0.0000
2817,300,300,0,0,0.0000,0.0000
2818,300,300,0,0,0.0000,0.0000
2819,300,300,0,0,0.0000,0.0000
2820,300,300,0,0,0.0000,0.0000
2821,300,300,0,0,0.0000,0.0000
2822,300,300,0,0,0.0000,0.0000
2823,300,300,0,0,0.0000,0.0000
2824,300,300,0,0,0.0000,0.0000
2825,300,300,0,0,0.0000,0.0000
2826,300,300,0,0,0.0000,0.0000
2827,300,300,0,0,0.0000,0.0000
2828,300,300,0,0,0.0000,0.0000
2829,300,300,0,0,0.0000,0.0000
2830,300,300,0,0,0.0000,0.0000
2831,300,300,0,0,0.0000,0.0000
2832,300,300,0,0,0.0000,0.0000
2833,300,300,0,0,0.0000,0.0000
2834,300,300,0,0,0.0000,0.0000
2835,300,300,0,0,0.0000,0.0000
2836,300,300,0,0,0.0000,0.0000
2837,300,300,0,0,0.0000,0.0000
2838,300,300,0,0,0.0000,0.0000
2839,300,300,0,0,0.0000,0.0000
2840,300,300,0,0,0.0000,0.0000
2841,300,300,0,0,0.0000,0.0000
2842,300,300,0,0,0.0000,0.0000
2843,300,300,0,0,0.0000,0.0000
2844,300,300,0,0,0.0000,0.0000
2845,300,300,0,0,0.0000,0.0000
2846,300,300,0,0,0.0000,0.0000
2847,300,300,0,0,0.0000,0.0000
2848,300,300,0,0,0.0000,0.0000
2849,300,300,0,0,0.0000,0.0000
2850,300,300,0,0,0.0000,0.0000
2851,300,300,0,0,0.0000,0.0000
2852,300,300,0,0,0.0000,0.0000
2853,300,300,0,0,0.0000,0.0000
2854,300,300,0,0,0.0000,0.0000
2855,300,300,0,0,0.0000,0.0000
2856,300,300,0,0,0.0000,0.0000
2857,300,300,0,0,0.0000,0.0000
2858,300,300,0,0,0.0000,0.0000
2859,300,300,0,0,0.0000,0.0000
2860,300,300,0,0,0.0000,0.0000
2861,300,300,0,0,0.0000,0.0000
2862,300,300,0,0,0.0000,0.0000
2863,300,300,0,0,0.0000,0.0000
2864,300,300,0,0,0.0000,0.0000
2865,300,300,0,0,0.0000,0.0000
2866,300,300,0,0,0.0000,0.0000
2867,300,300,0,0,0.0000,0.0000
2868,300,300,0,0,0.0000,0.0000
2869,300,300,0,0,0.0000,0.0000
2870,300,300,0,0,0.0000,0.0000
2871,300,300,0,0,0.0000,0.0000
2872,300,300,0,0,0.0000,0.0000
2873,299,299,0,0,0.0000,0.0000
2874,302,302,0,0,0.0000,0.0000
2875,302,302,0,0,0.0000,0.0000
2876,302,302,0,0,0.0000,0.0000
2877,302,302,0,0,0.0000,0.0000
2878,302,302,0,0,0.0000,0.0000
2879,302,302,0,0,0.0000,0.0000
2880,302,302,0,0,0.0000,0.0000
2881,302,302,0,0,0.0000,0.0000
2882,302,302,0,0,0.0000,0.0000
2883,302,302,0,0,0.0000,0.0000
2884,302,302,0,0,0.0000,0.0000
2885,302,302,0,0,0.0000,0.0000
2886,302,302,0,0,0.0000,0.0000
2887,302,302,0,0,0.0000,0.0000
2888,302,302,0,0,0.0000,0.0000
2889,302,302,0,0,0.0000,0.0000
2890,302,302,0,0,0.0000,0.0000
2891,302,302,0,0,0.0000,0.0000
2892,297,297,0,0,0.0000,0.0000
2893,300,300,0,0,0.0000,0.0000
2894,300,300,0,0,0.0000,0.0000
2895,300,300,0,0,0.0000,0.0000
2896,300,300,0,0,0.0000,0.0000
2897,300,300,0,0,0.0000,0.0000
2898,300,300,0,0,0.0000,0.0000
2899,300,300,0,0,0.0000,0.0000
2900,300,300,0,0,0.0000,0.0000
2901,300,300,0,0,0.0000,0.0000
2902,300,300,0,0,0.0000,0.0000
2903,300,300,0,0,0.0000,0.0000
2904,300,300,0,0,0.0000,0.0000
2905,300,300,0,0,0.0000,0.0000
2906,300,300,0,0,0.0000,0.0000
2907,300,300,0,0,0.0000,0.0000
2908,300,300,0,0,0.0000,0.0000
2909,300,300,0,0,0.0000,0.0000
2910,300,300,0,0,0.0000,0.0000
2911,300,300,0,0,0.0000,0.0000
2912,300,300,0,0,0.0000,0.0000
2913,300,300,0,0,0.0000,0.0000
2914,300,300,0,0,0.0000,0.0000
2915,300,300,0,0,0.0000,0.0000
2916,300,300,0,0,0.0000,0.0000
2917,300,300,0,0,0.0000,0.0000
2918,300,300,0,0,0.0000,0.0000
2919,300,300,0,0,0.0000,0.0000
2920,300,300,0,0,0.0000,0.0000
2921,300,300,0,0,0.0000,0.0000
2922,300,300,0,0,0.0000,0.0000
2923,300,300,0,0,0.0000,0.0000
2924,300,300,0,0,0.0000,0.0000
2925,300,300,0,0,0.0000,0.0000
2926,300,300,0,0,0.0000,0.0000
2927,300,300,0,0,0.0000,0.0000
2928,300,300,0,0,0.0000,0.0000
2929,300,300,0,0,0.0000,0.0000
2930,300,300,0,0,0.0000,0.0000
2931,300,300,0,0,0.0000,0.0000
2932,300,300,0,0,0.0000,0.0000
2933,300,300,0,0,0.0000,0.0000
2934,300,300,0,0,0.0000,0.0000
2935,300,300,0,0,0.0000,0.0000
2936,300,300,0,0,0.0000,0.0000
2937,300,300,0,0,0.0000,0.0000
2938,300,300,0,0,0.0000,0.0000
2939,300,300,0,0,0.0000,0.0000
2940,300,300,0,0,0.0000,0.0000
2941,300,300,0,0,0.0000,0.0000
2942,300,300,0,0,0.0000,0.0000
2943,300,300,0,0,0.0000,0.0000
2944,300,300,0,0,0.0000,0.0000
2945,300,300,0,0,0.0000,0.0000
2946,300,300,0,0,0.0000,0.0000
2947,300,300,0,0,0.0000,0.0000
2948,300,300,0,0,0.0000,0.0000
2949,300,300,0,0,0.0000,0.0000
2950,300,300,0,0,0.0000,0.0000
2951,300,300,0,0,0.0000,0.0000
2952,300,300,0,0,0.0000,0.0000
2953,300,300,0,0,0.0000,0.0000
2954,300,300,0,0,0.0000,0.0000
2955,300,300,0,0,0.0000,0.0000
2956,300,300,0,0,0.0000,0.0000
2957,300,300,0,0,0.0000,0.0000
2958,300,300,0,0,0.0000,0.0000
2959,300,300,0,0,0.0000,0.0000
2960,300,300,0,0,0.0000,0.0000
2961,298,298,0,0,0.0000,0.0000
2962,303,303,0,0,0.0000,0.0000
2963,303,303,0,0,0.0000,0.0000
2964,303,303,0,0,0.0000,0.0000
2965,303,303,0,0,0.0000,0.0000
2966,303,303,0,0,0.0000,0.0000
2967,303,303,0,0,0.0000,0.0000
2968,303,303,0,0,0.0000,0.0000
2969,303,303,0,0,0.0000,0.0000
2970,303,303,0,0,0.0000,0.0000
2971,303,303,0,0,0.0000,0.0000
2972,303,303,0,0,0.0000,0.0000
2973,303,303,0,0,0.0000,0.0000
2974,303,303,0,0,0.0000,0.0000
2975,303,303,0,0,0.0000,0.0000
2976,303,303,0,0,0.0000,0.0000
2977,303,303,0,0,0.0000,0.0000
2978,303,303,0,0,0.0000,0.0000
2979,303,303,0,0,0.0000,0.0000
2980,303,303,0,0,0.0000,0.0000
2981,303,303,0,0,0.0000,0.0000
2982,303,303,0,0,0.0000,0.0000
2983,303,303,0,0,0.0000,0.0000
2984,303,303,0,0,0.0000,0.0000
2985,303,303,0,0,0.0000,0.0000
2986,303,303,0,0,0.0000,0.0000
2987,303,303,0,0,0.0000,0.0000
2988,303,303,0,0,0.0000,0.0000
2989,303,303,0,0,0.0000,0.0000
2990,303,303,0,0,0.0000,0.0000
2991,303,303,0,0,0.0000,0.0000
2992,303,303,0,0,0.0000,0.0000
2993,300,300,0,0,0.0000,0.0000
2994,300,300,0,0,0.0000,0.0000
2995,300,300,0,0,0.0000,0.0000
2996,300,300,0,0,0.0000,0.0000
2997,300,300,0,0,0.0000,0.0000
2998,300,300,0,0,0.0000,0.0000
2999,300,300,0,0,0.0000,0.0000
3000,300,300,0,0,0.0000,0.0000
3001,300,300,0,0,0.0000,0.0000
3002,300,300,0,0,0.0000,0.0000
3003,300,300,0,0,0.0000,0.0000
3004,300,300,0,0,0.0000,0.0000
3005,300,300,0,0,0.0000,0.0000
3006,300,300,0,0,0.0000,0.0000
3007,300,300,0,0,0.0000,0.0000
3008,300,300,0,0,0.0000,0.0000
3009,300,300,0,0,0.0000,0.0000
3010,300,300,0,0,0.0000,0.0000
3011,300,300,0,0,0.0000,0.0000
3012,300,300,0,0,0.0000,0.0000
3013,300,300,0,0,0.0000,0.0000
3014,300,300,0,0,0.0000,0.0000
3015,300,300,0,0,0.0000,0.0000
3016,300,300,0,0,0.0000,0.0000
3017,300,300,0,0,0.0000,0.0000
3018,300,300,0,0,0.0000,0.0000
3019,300,300,0,0,0.0000,0.0000
3020,300,300,0,0,0.0000,0.0000
3021,300,300,0,0,0.0000,0.0000
3022,300,300,0,0,0.0000,0.0000
3023,300,300,0,0,0.0000,0.0000
3024,300,300,0,0,0.0000,0.0000
3025,300,300,0,0,0.0000,0.0000
3026,300,300,0,0,0.0000,0.0000
3027,300,300,0,0,0.0000,0.0000
3028,300,300,0,0,0.0000,0.0000
3029,300,300,0,0,0.0000,0.0000
3030,300,300,0,0,0.0000,0.0000
3031,300,300,0,0,0.0000,0.0000
3032,300,300,0,0,0.0000,0.0000
3033,300,300,0,0,0.0000,0.0000
3034,297,297,0,0,0.0000,0.0000
3035,299,299,0,0,0.0000,0.0000
3036,300,300,0,0,0.0000,0.0000
3037,300,300,0,0,0.0000,0.0000
3038,300,300,0,0,0.0000,0.0000
3039,300,300,0,0,0.0000,0.0000
3040,300,300,0,0,0.0000,0.0000
3041,300,300,0,0,0.0000,0.0000
3042,300,300,0,0,0.0000,0.0000
3043,300,300,0,0,0.0000,0.0000
3044,300,300,0,0,0.0000,0.0000
3045,300,300,0,0,0.0000,0.0000
3046,300,300,0,0,0.0000,0.0000
3047,300,300,0,0,0.0000,0.0000
3048,300,300,0,0,0.0000,0.0000
3049,300,300,0,0,0.0000,0.0000
3050,300,300,0,0,0.0000,0.0000
3051,300,300,0,0,0.0000,0.0000
3052,300,300,0,0,0.0000,0.0000
3053,300,300,0,0,0.0000,0.0000
3054,300,300,0,0,0.0000,0.0000
3055,300,300,0,0,0.0000,0.0000
3056,300,300,0,0,0.0000,0.0000
3057,300,300,0,0,0.0000,0.0000
3058,300,300,0,0,0.0000,0.0000
3059,300,300,0,0,0.0000,0.0000
3060,300,300,0,0,0.0000,0.0000
3061,300,300,0,0,0.0000,0.0000
3062,300,300,0,0,0.0000,0.0000
3063,300,300,0,0,0.0000,0.0000
3064,300,300,0,0,0.0000,0.0000
3065,300,300,0,0,0.0000,0.0000
3066,300,300,0,0,0.0000,0.0000
3067,300,300,0,0,0.0000,0.0000
3068,300,300,0,0,0.0000,0.0000
3069,300,300,0,0,0.0000,0.0000
3070,300,300,0,0,0.0000,0.0000
3071,300,300,0,0,0.0000,0.0000
3072,300,300,0,0,0.0000,0.0000
3073,300,300,0,0,0.0000,0.0000
3074,300,300,0,0,0.0000,0.0000
3075,300,300,0,0,0.0000,0.0000
3076,300,300,0,0,0.0000,0.0000
3077,300,300,0,0,0.0000,0.0000
3078,300,300,0,0,0.0000,0.0000
3079,300,300,0,0,0.0000,0.0000
3080,300,300,0,0,0.0000,0.0000
3081,300,300,0,0,0.0000,0.0000
3082,300,300,0,0,0.0000,0.0000
3083,300,300,0,0,0.0000,0.0000
3084,300,300,0,0,0.0000,0.0000
3085,300,300,0,0,0.0000,0.0000
3086,300,300,0,0,0.0000,0.0000
3087,300,300,0,0,0.0000,0.0000
3088,300,300,0,0,0.0000,0.0000
3089,300,300,0,0,0.0000,0.0000
3090,300,300,0,0,0.0000,0.0000
3091,300,300,0,0,0.0000,0.0000
3092,300,300,0,0,0.0000,0.0000
3093,300,300,0,0,0.0000,0.0000
3094,300,300,0,0,0.0000,0.0000
3095,300,300,0,0,0.0000,0.0000
3096,300,300,0,0,0.0000,0.0000
3097,300,300,0,0,0.0000,0.0000
3098,300,300,0,0,0.0000,0.0000
3099,300,300,0,0,0.0000,0.0000
3100,300,300,0,0,0.0000,0.0000
3101,300,300,0,0,0.0000,0.0000
3102,300,300,0,0,0.0000,0.0000
3103,300,300,0,0,0.0000,0.0000
3104,300,300,0,0,0.0000,0.0000
3105,300,300,0,0,0.0000,0.0000
3106,300,300,0,0,0.0000,0.0000
3107,300,300,0,0,0.0000,0.0000
3108,300,300,0,0,0.0000,0.0000
3109,300,300,0,0,0.0000,0.0000
3110,300,300,0,0,0.0000,0.0000
3111,300,300,0,0,0.0000,0.0000
3112,300,300,0,0,0.0000,0.0000
3113,300,300,0,0,0.0000,0.0000
3114,300,300,0,0,0.0000,0.0000
3115,300,300,0,0,0.0000,0.0000
3116,300,300,0,0,0.0000,0.0000
3117,300,300,0,0,0.0000,0.0000
3118,300,300,0,0,0.0000,0.0000
3119,300,300,0,0,0.0000,0.0000
3120,300,300,0,0,0.0000,0.0000
3121,300,300,0,0,0.0000,0.0000
3122,300,300,0,0,0.0000,0.0000
3123,300,300,0,0,0.0000,0.0000
3124,300,300,0,0,0.0000,0.0000
3125,300,300,0,0,0.0000,0.0000
3126,300,300,0,0,0.0000,0.0000
3127,300,300,0,0,0.0000,0.0000
3128,297,297,0,0,0.0000,0.0000
3129,301,301,0,0,0.0000,0.0000
3130,301,301,0,0,0.0000,0.0000
3131,301,301,0,0,0.0000,0.0000
3132,301,301,0,0,0.0000,0.0000
3133,301,301,0,0,0.0000,0.0000
3134,301,301,0,0,0.0000,0.0000
3135,301,301,0,0,0.0000,0.0000
3136,301,301,0,0,0.0000,0.0000
3137,301,301,0,0,0.0000,0.0000
3138,301,301,0,0,0.0000,0.0000
3139,301,301,0,0,0.0000,0.0000
3140,301,301,0,0,0.0000,0.0000
3141,301,301,0,0,0.0000,0.0000
3142,301,301,0,0,0.0000,0.0000
3143,301,301,0,0,0.0000,0.0000
3144,301,301,0,0,0.0000,0.0000
3145,301,301,0,0,0.0000,0.0000
3146,301,301,0,0,0.0000,0.0000
3147,301,301,0,0,0.0000,0.0000
3148,301,301,0,0,0.0000,0.0000
3149,301,301,0,0,0.0000,0.0000
3150,301,301,0,0,0.0000,0.0000
3151,301,301,0,0,0.0000,0.0000
3152,301,301,0,0,0.0000,0.0000
3153,301,301,0,0,0.0000,0.0000
3154,301,301,0,0,0.0000,0.0000
3155,301,301,0,0,0.0000,0.0000
3156,301,301,0,0,0.0000,0.0000
3157,301,301,0,0,0.0000,0.0000
3158,301,301,0,0,0.0000,0.0000
3159,301,301,0,0,0.0000,0.0000
3160,301,301,0,0,0.0000,0.0000
3161,301,301,0,0,0.0000,0.0000
3162,301,301,0,0,0.0000,0.0000
3163,301,301,0,0,0.0000,0.0000
3164,301,301,0,0,0.0000,0.0000
3165,301,301,0,0,0.0000,0.0000
3166,301,301,0,0,0.0000,0.0000
3167,301,301,0,0,0.0000,0.0000
3168,301,301,0,0,0.0000,0.0000
3169,301,301,0,0,0.0000,0.0000
3170,301,301,0,0,0.0000,0.0000
3171,301,301,0,0,0.0000,0.0000
3172,301,301,0,0,0.0000,0.0000
3173,301,301,0,0,0.0000,0.0000
3174,301,301,0,0,0.0000,0.0000
3175,301,301,0,0,0.0000,0.0000
3176,301,301,0,0,0.0000,0.0000
3177,301,301,0,0,0.0000,0.0000
3178,301,301,0,0,0.0000,0.0000
3179,301,301,0,0,0.0000,0.0000
3180,301,301,0,0,0.0000,0.0000
3181,298,298,0,0,0.0000,0.0000
3182,301,301,0,0,0.0000,0.0000
3183,301,301,0,0,0.0000,0.0000
3184,301,301,0,0,0.0000,0.0000
3185,301,301,0,0,0.0000,0.0000
3186,301,301,0,0,0.0000,0.0000
3187,301,301,0,0,0.0000,0.0000
3188,301,301,0,0,0.0000,0.0000
3189,301,301,0,0,0.0000,0.0000
3190,301,301,0,0,0.0000,0.0000
3191,301,301,0,0,0.0000,0.0000
3192,301,301,0,0,0.0000,0.0000
3193,301,301,0,0,0.0000,0.0000
3194,301,301,0,0,0.0000,0.0000
3195,301,301,0,0,0.0000,0.0000
3196,301,301,0,0,0.0000,0.0000
3197,301,301,0,0,0.0000,0.0000
3198,301,301,0,0,0.0000,0.0000
3199,301,301,0,0,0.0000,0.0000
3200,301,301,0,0,0.0000,0.0000
3201,301,301,0,0,0.0000,0.0000
3202,301,301,0,0,0.0000,0.0000
3203,301,301,0,0,0.0000,0.0000
3204,301,301,0,0,0.0000,0.0000
3205,301,301,0,0,0.0000,0.0000
3206,301,301,0,0,0.0000,0.0000
3207,301,301,0,0,0.0000,0.0000
3208,301,301,0,0,0.0000,0.0000
3209,301,301,0,0,0.0000,0.0000
3210,301,301,0,0,0.0000,0.0000
3211,301,301,0,0,0.0000,0.0000
3212,301,301,0,0,0.0000,0.0000
3213,301,301,0,0,0.0000,0.0000
3214,301,301,0,0,0.0000,0.0000
3215,301,301,0,0,0.0000,0.0000
3216,301,301,0,0,0.0000,0.0000
3217,301,301,0,0,0.0000,0.0000
3218,301,301,0,0,0.0000,0.0000
3219,301,301,0,0,0.0000,0.0000
3220,301,301,0,0,0.0000,0.0000
3221,301,301,0,0,0.0000,0.0000
3222,301,301,0,0,0.0000,0.0000
3223,301,301,0,0,0.0000,0.0000
3224,301,301,0,0,0.0000,0.0000
3225,301,301,0,0,0.0000,0.0000
3226,301,301,0,0,0.0000,0.0000
3227,301,301,0,0,0.0000,0.0000
3228,301,301,0,0,0.0000,0.0000
3229,301,301,0,0,0.0000,0.0000
3230,301,301,0,0,0.0000,0.0000
3231,301,301,0,0,0.0000,0.0000
3232,301,301,0,0,0.0000,0.0000
3233,301,301,0,0,0.0000,0.0000
3234,301,301,0,0,0.0000,0.0000
3235,299,299,0,0,0.0000,0.0000
3236,302,302,0,0,0.0000,0.0000
3237,302,302,0,0,0.0000,0.0000
3238,302,302,0,0,0.0000,0.0000
3239,302,302,0,0,0.0000,0.0000
3240,302,302,0,0,0.0000,0.0000
3241,302,302,0,0,0.0000,0.0000
3242,302,302,0,0,0.0000,0.0000
3243,302,302,0,0,0.0000,0.0000
3244,302,302,0,0,0.0000,0.0000
3245,302,302,0,0,0.0000,0.0000
3246,302,302,0,0,0.0000,0.0000
3247,302,302,0,0,0.0000,0.0000
3248,299,299,0,0,0.0000,0.0000
3249,303,303,0,0,0.0000,0.0000
3250,303,303,0,0,0.0000,0.0000
3251,303,303,0,0,0.0000,0.0000
3252,303,303,0,0,0.0000,0.0000
3253,303,303,0,0,0.0000,0.0000
3254,303,303,0,0,0.0000,0.0000
3255,303,303,0,0,0.0000,0.0000
3256,303,303,0,0,0.0000,0.0000
3257,303,303,0,0,0.0000,0.0000
3258,303,303,0,0,0.0000,0.0000
3259,303,303,0,0,0.0000,0.0000
3260,303,303,0,0,0.0000,0.0000
3261,303,303,0,0,0.0000,0.0000
3262,303,303,0,0,0.0000,0.0000
3263,303,303,0,0,0.0000,0.0000
3264,303,303,0,0,0.0000,0.0000
3265,303,303,0,0,0.0000,0.0000
3266,303,303,0,0,0.0000,0.0000
3267,303,303,0,0,0.0000,0.0000
3268,303,303,0,0,0.0000,0.0000
3269,303,303,0,0,0.0000,0.0000
3270,303,303,0,0,0.0000,0.0000
3271,303,303,0,0,0.0000,0.0000
3272,303,303,0,0,0.0000,0.0000
3273,303,303,0,0,0.0000,0.0000
3274,303,303,0,0,0.0000,0.0000
3275,303,303,0,0,0.0000,0.0000
3276,303,303,0,0,0.0000,0.0000
3277,303,303,0,0,0.0000,0.0000
3278,303,303,0,0,0.0000,0.0000
3279,303,303,0,0,0.0000,0.0000
3280,303,303,0,0,0.0000,0.0000
3281,303,303,0,0,0.0000,0.0000
3282,303,303,0,0,0.0000,0.0000
3283,303,303,0,0,0.0000,0.0000
3284,303,303,0,0,0.0000,0.0000
3285,303,303,0,0,0.0000,0.0000
3286,303,303,0,0,0.0000,0.0000
3287,303,303,0,0,0.0000,0.0000
3288,303,303,0,0,0.0000,0.0000
3289,303,303,0,0,0.0000,0.0000
3290,303,303,0,0,0.0000,0.0000
3291,303,303,0,0,0.0000,0.0000
3292,303,303,0,0,0.0000,0.0000
3293,303,303,0,0,0.0000,0.0000
3294,303,303,0,0,0.0000,0.0000
3295,303,303,0,0,0.0000,0.0000
3296,303,303,0,0,0.0000,0.0000
3297,303,303,0,0,0.0000,0.0000
3298,303,303,0,0,0.0000,0.0000
3299,303,303,0,0,0.0000,0.0000
3300,303,303,0,0,0.0000,0.0000
3301,303,303,0,0,0.0000,0.0000
3302,303,303,0,0,0.0000,0.0000
3303,303,303,0,0,0.0000,0.0000
3304,303,303,0,0,0.0000,0.0000
3305,303,303,0,0,0.0000,0.0000
3306,303,303,0,0,0.0000,0.0000
3307,303,303,0,0,0.0000,0.0000
3308,303,303,0,0,0.0000,0.0000
3309,302,302,0,0,0.0000,0.0000
3310,302,302,0,0,0.0000,0.0000
3311,302,302,0,0,0.0000,0.0000
3312,302,302,0,0,0.0000,0.0000
3313,302,302,0,0,0.0000,0.0000
3314,302,302,0,0,0.0000,0.0000
3315,302,302,0,0,0.0000,0.0000
3316,302,302,0,0,0.0000,0.0000
3317,302,302,0,0,0.0000,0.0000
3318,302,302,0,0,0.0000,0.0000
3319,302,302,0,0,0.0000,0.0000
3320,302,302,0,0,0.0000,0.0000
3321,302,302,0,0,0.0000,0.0000
3322,302,302,0,0,0.0000,0.0000
3323,302,302,0,0,0.0000,0.0000
3324,302,302,0,0,0.0000,0.0000
3325,302,302,0,0,0.0000,0.0000
3326,302,302,0,0,0.0000,0.0000
3327,302,302,0,0,0.0000,0.0000
3328,302,302,0,0,0.0000,0.0000
3329,302,302,0,0,0.0000,0.0000
3330,302,302,0,0,0.0000,0.0000
3331,302,302,0,0,0.0000,0.0000
3332,298,298,0,0,0.0000,0.0000
3333,304,304,0,0,0.0000,0.0000
3334,304,304,0,0,0.0000,0.0000
3335,304,304,0,0,0.0000,0.0000
3336,304,304,0,0,0.0000,0.0000
3337,304,304,0,0,0.0000,0.0000
3338,304,304,0,0,0.0000,0.0000
3339,304,304,0,0,0.0000,0.0000
3340,304,304,0,0,0.0000,0.0000
3341,304,304,0,0,0.0000,0.0000
3342,304,304,0,0,0.0000,0.0000
3343,304,304,0,0,0.0000,0.0000
3344,304,304,0,0,0.0000,0.0000
3345,304,304,0,0,0.0000,0.0000
3346,304,304,0,0,0.0000,0.0000
3347,304,304,0,0,0.0000,0.0000
3348,304,304,0,0,0.0000,0.0000
3349,304,304,0,0,0.0000,0.0000
3350,304,304,0,0,0.0000,0.0000
3351,304,304,0,0,0.0000,0.0000
3352,304,304,0,0,0.0000,0.0000
3353,304,304,0,0,0.0000,0.0000
3354,304,304,0,0,0.0000,0.0000
3355,304,304,0,0,0.0000,0.0000
3356,304,304,0,0,0.0000,0.0000
3357,304,304,0,0,0.0000,0.0000
3358,304,304,0,0,0.0000,0.0000
3359,304,304,0,0,0.0000,0.0000
3360,304,304,0,0,0.0000,0.0000
3361,304,304,0,0,0.0000,0.0000
3362,304,304,0,0,0.0000,0.0000
3363,304,304,0,0,0.0000,0.0000
3364,304,304,0,0,0.0000,0.0000
3365,304,304,0,0,0.0000,0.0000
3366,304,304,0,0,0.0000,0.0000
3367,304,304,0,0,0.0000,0.0000
3368,304,304,0,0,0.0000,0.0000
3369,304,304,0,0,0.0000,0.0000
3370,304,304,0,0,0.0000,0.0000
3371,304,304,0,0,0.0000,0.0000
3372,304,304,0,0,0.0000,0.0000
3373,304,304,0,0,0.0000,0.0000
3374,304,304,0,0,0.0000,0.0000
3375,304,304,0,0,0.0000,0.0000
3376,304,304,0,0,0.0000,0.0000
3377,304,304,0,0,0.0000,0.0000
3378,304,304,0,0,0.0000,0.0000
3379,304,304,0,0,0.0000,0.0000
3380,304,304,0,0,0.0000,0.0000
3381,304,304,0,0,0.0000,0.0000
3382,304,304,0,0,0.0000,0.0000
3383,304,304,0,0,0.0000,0.0000
3384,304,304,0,0,0.0000,0.0000
3385,304,304,0,0,0.0000,0.0000
3386,304,304,0,0,0.0000,0.0000
3387,304,304,0,0,0.0000,0.0000
3388,304,304,0,0,0.0000,0.0000
3389,304,304,0,0,0.0000,0.0000
3390,304,304,0,0,0.0000,0.0000
3391,304,304,0,0,0.0000,0.0000
3392,304,304,0,0,0.0000,0.0000
3393,304,304,0,0,0.0000,0.0000
3394,304,304,0,0,0.0000,0.0000
3395,304,304,0,0,0.0000,0.0000
3396,304,304,0,0,0.0000,0.0000
3397,304,304,0,0,0.0000,0.0000
3398,304,304,0,0,0.0000,0.0000
3399,304,304,0,0,0.0000,0.0000
3400,304,304,0,0,0.0000,0.0000
3401,304,304,0,0,0.0000,0.0000
3402,304,304,0,0,0.0000,0.0000
3403,304,304,0,0,0.0000,0.0000
3404,304,304,0,0,0.0000,0.0000
3405,304,304,0,0,0.0000,0.0000
3406,304,304,0,0,0.0000,0.0000
3407,304,304,0,0,0.0000,0.0000
3408,304,304,0,0,0.0000,0.0000
3409,304,304,0,0,0.0000,0.0000
3410,304,304,0,0,0.0000,0.0000
3411,304,304,0,0,0.0000,0.0000
3412,304,304,0,0,0.0000,0.0000
3413,304,304,0,0,0.0000,0.0000
3414,304,304,0,0,0.0000,0.0000
3415,304,304,0,0,0.0000,0.0000
3416,304,304,0,0,0.0000,0.0000
3417,304,304,0,0,0.0000,0.0000
3418,304,304,0,0,0.0000,0.0000
3419,304,304,0,0,0.0000,0.0000
3420,304,304,0,0,0.0000,0.0000
3421,304,304,0,0,0.0000,0.0000
3422,304,304,0,0,0.0000,0.0000
3423,304,304,0,0,0.0000,0.0000
3424,304,304,0,0,0.0000,0.0000
3425,304,304,0,0,0.0000,0.0000
3426,304,304,0,0,0.0000,0.0000
3427,304,304,0,0,0.0000,0.0000
3428,304,304,0,0,0.0000,0.0000
3429,304,304,0,0,0.0000,0.0000
3430,304,304,0,0,0.0000,0.0000
3431,304,304,0,0,0.0000,0.0000
3432,304,304,0,0,0.0000,0.0000
3433,304,304,0,0,0.0000,0.0000
3434,304,304,0,0,0.0000,0.0000
3435,304,304,0,0,0.0000,0.0000
3436,304,304,0,0,0.0000,0.0000
3437,304,304,0,0,0.0000,0.0000
3438,304,304,0,0,0.0000,0.0000
3439,304,304,0,0,0.0000,0.0000
3440,304,304,0,0,0.0000,0.0000
3441,304,304,0,0,0.0000,0.0000
3442,304,304,0,0,0.0000,0.0000
3443,304,304,0,0,0.0000,0.0000
3444,304,304,0,0,0.0000,0.0000
3445,304,304,0,0,0.0000,0.0000
3446,304,304,0,0,0.0000,0.0000
3447,304,304,0,0,0.0000,0.0000
3448,304,304,0,0,0.0000,0.0000
3449,304,304,0,0,0.0000,0.0000
3450,304,304,0,0,0.0000,0.0000
3451,303,303,0,0,0.0000,0.0000
3452,303,303,0,0,0.0000,0.0000
3453,303,303,0,0,0.0000,0.0000
3454,303,303,0,0,0.0000,0.0000
3455,303,303,0,0,0.0000,0.0000
3456,303,303,0,0,0.0000,0.0000
3457,303,303,0,0,0.0000,0.0000
3458,303,303,0,0,0.0000,0.0000
3459,303,303,0,0,0.0000,0.0000
3460,303,303,0,0,0.0000,0.0000
3461,303,303,0,0,0.0000,0.0000
3462,303,303,0,0,0.0000,0.0000
3463,303,303,0,0,0.0000,0.0000
3464,303,303,0,0,0.0000,0.0000
3465,303,303,0,0,0.0000,0.0000
3466,303,303,0,0,0.0000,0.0000
3467,303,303,0,0,0.0000,0.0000
3468,303,303,0,0,0.0000,0.0000
3469,303,303,0,0,0.0000,0.0000
3470,303,303,0,0,0.0000,0.0000
3471,303,303,0,0,0.0000,0.0000
3472,303,303,0,0,0.0000,0.0000
3473,303,303,0,0,0.0000,0.0000
3474,303,303,0,0,0.0000,0.0000
3475,303,303,0,0,0.0000,0.0000
3476,303,303,0,0,0.0000,0.0000
3477,303,303,0,0,0.0000,0.0000
3478,303,303,0,0,0.0000,0.0000
3479,301,301,0,0,0.0000,0.0000
3480,301,301,0,0,0.0000,0.0000
3481,301,301,0,0,0.0000,0.0000
3482,301,301,0,0,0.0000,0.0000
3483,301,301,0,0,0.0000,0.0000
3484,301,301,0,0,0.0000,0.0000
3485,301,301,0,0,0.0000,0.0000
3486,301,301,0,0,0.0000,0.0000
3487,301,301,0,0,0.0000,0.0000
3488,301,301,0,0,0.0000,0.0000
3489,301,301,0,0,0.0000,0.0000
3490,301,301,0,0,0.0000,0.0000
3491,301,301,0,0,0.0000,0.0000
3492,301,301,0,0,0.0000,0.0000
3493,301,301,0,0,0.0000,0.0000
3494,301,301,0,0,0.0000,0.0000
3495,301,301,0,0,0.0000,0.0000
3496,300,300,0,0,0.0000,0.0000
3497,300,300,0,0,0.0000,0.0000
3498,300,300,0,0,0.0000,0.0000
3499,300,300,0,0,0.0000,0.0000
3500,300,300,0,0,0.0000,0.0000
3501,300,300,0,0,0.0000,0.0000
3502,300,300,0,0,0.0000,0.0000
3503,300,300,0,0,0.0000,0.0000
3504,300,300,0,0,0.0000,0.0000
3505,300,300,0,0,0.0000,0.0000
3506,300,300,0,0,0.0000,0.0000
3507,300,300,0,0,0.0000,0.0000
3508,300,300,0,0,0.0000,0.0000
3509,300,300,0,0,0.0000,0.0000
3510,300,300,0,0,0.0000,0.0000
3511,300,300,0,0,0.0000,0.0000
3512,300,300,0,0,0.0000,0.0000
3513,300,300,0,0,0.0000,0.0000
3514,300,300,0,0,0.0000,0.0000
3515,300,300,0,0,0.0000,0.0000
3516,300,300,0,0,0.0000,0.0000
3517,300,300,0,0,0.0000,0.0000
3518,300,300,0,0,0.0000,0.0000
3519,300,300,0,0,0.0000,0.0000
3520,300,300,0,0,0.0000,0.0000
3521,300,300,0,0,0.0000,0.0000
3522,300,300,0,0,0.0000,0.0000
3523,300,300,0,0,0.0000,0.0000
3524,300,300,0,0,0.0000,0.0000
3525,300,300,0,0,0.0000,0.0000
3526,300,300,0,0,0.0000,0.0000
3527,300,300,0,0,0.0000,0.0000
3528,300,300,0,0,0.0000,0.0000
3529,297,297,0,0,0.0000,0.0000
3530,298,298,0,0,0.0000,0.0000
3531,299,299,0,0,0.0000,0.0000
3532,300,300,0,0,0.0000,0.0000
3533,300,300,0,0,0.0000,0.0000
3534,300,300,0,0,0.0000,0.0000
3535,300,300,0,0,0.0000,0.0000
3536,300,300,0,0,0.0000,0.0000
3537,300,300,0,0,0.0000,0.0000
3538,300,300,0,0,0.0000,0.0000
3539,300,300,0,0,0.0000,0.0000
3540,300,300,0,0,0.0000,0.0000
3541,300,300,0,0,0.0000,0.0000
3542,300,300,0,0,0.0000,0.0000
3543,300,300,0,0,0.0000,0.0000
3544,300,300,0,0,0.0000,0.0000
3545,300,300,0,0,0.0000,0.0000
3546,300,300,0,0,0.0000,0.0000
3547,300,300,0,0,0.0000,0.0000
3548,300,300,0,0,0.0000,0.0000
3549,300,300,0,0,0.0000,0.0000
3550,300,300,0,0,0.0000,0.0000
3551,300,300,0,0,0.0000,0.0000
3552,300,300,0,0,0.0000,0.0000
3553,300,300,0,0,0.0000,0.0000
3554,300,300,0,0,0.0000,0.0000
3555,300,300,0,0,0.0000,0.0000
3556,300,300,0,0,0.0000,0.0000
3557,300,300,0,0,0.0000,0.0000
3558,300,300,0,0,0.0000,0.0000
3559,300,300,0,0,0.0000,0.0000
3560,300,300,0,0,0.0000,0.0000
3561,300,300,0,0,0.0000,0.0000
3562,300,300,0,0,0.0000,0.0000
3563,300,300,0,0,0.0000,0.0000
3564,300,300,0,0,0.0000,0.0000
3565,300,300,0,0,0.0000,0.0000
3566,300,300,0,0,0.0000,0.0000
3567,300,300,0,0,0.0000,0.0000
3568,300,300,0,0,0.0000,0.0000
3569,300,300,0,0,0.0000,0.0000
3570,300,300,0,0,0.0000,0.0000
3571,300,300,0,0,0.0000,0.0000
3572,300,300,0,0,0.0000,0.0000
3573,300,300,0,0,0.0000,0.0000
3574,300,300,0,0,0.0000,0.0000
3575,300,300,0,0,0.0000,0.0000
3576,300,300,0,0,0.0000,0.0000
3577,300,300,0,0,0.0000,0.0000
3578,300,300,0,0,0.0000,0.0000
3579,300,300,0,0,0.0000,0.0000
3580,300,300,0,0,0.0000,0.0000
3581,300,300,0,0,0.0000,0.0000
3582,300,300,0,0,0.0000,0.0000
3583,300,300,0,0,0.0000,0.0000
3584,300,300,0,0,0.0000,0.0000
3585,300,300,0,0,0.0000,0.0000
3586,300,300,0,0,0.0000,0.0000
3587,300,300,0,0,0.0000,0.0000
3588,300,300,0,0,0.0000,0.0000
3589,300,300,0,0,0.0000,0.0000
3590,300,300,0,0,0.0000,0.0000
3591,300,300,0,0,0.0000,0.0000
3592,300,300,0,0,0.0000,0.0000
3593,300,300,0,0,0.0000,0.0000
3594,300,300,0,0,0.0000,0.0000
3595,300,300,0,0,0.0000,0.0000
3596,300,300,0,0,0.0000,0.0000
3597,300,300,0,0,0.0000,0.0000
3598,300,300,0,0,0.0000,0.0000
3599,300,300,0,0,0.0000,0.0000
3600,300,300,0,0,0.0000,0.0000
3601,300,300,0,0,0.0000,0.0000
3602,300,300,0,0,0.0000,0.0000
3603,300,300,0,0,0.0000,0.0000
3604,300,300,0,0,0.0000,0.0000
3605,300,300,0,0,0.0000,0.0000
3606,300,300,0,0,0.0000,0.0000
3607,300,300,0,0,0.0000,0.0000
3608,300,300,0,0,0.0000,0.0000
3609,300,300,0,0,0.0000,0.0000
3610,300,300,0,0,0.0000,0.0000
3611,300,300,0,0,0.0000,0.0000
3612,300,300,0,0,0.0000,0.0000
3613,300,300,0,0,0.0000,0.0000
3614,300,300,0,0,0.0000,0.0000
3615,300,300,0,0,0.0000,0.0000
3616,300,300,0,0,0.0000,0.0000
3617,300,300,0,0,0.0000,0.0000
3618,300,300,0,0,0.0000,0.0000
3619,300,300,0,0,0.0000,0.0000
3620,300,300,0,0,0.0000,0.0000
3621,300,300,0,0,0.0000,0.0000
3622,300,300,0,0,0.0000,0.0000
3623,298,298,0,0,0.0000,0.0000
3624,300,300,0,0,0.0000,0.0000
3625,300,300,0,0,0.0000,0.0000
3626,300,300,0,0,0.0000,0.0000
3627,300,300,0,0,0.0000,0.0000
3628,300,300,0,0,0.0000,0.0000
3629,300,300,0,0,0.0000,0.0000
3630,300,300,0,0,0.0000,0.0000
3631,300,300,0,0,0.0000,0.0000
3632,300,300,0,0,0.0000,0.0000
3633,300,300,0,0,0.0000,0.0000
3634,300,300,0,0,0.0000,0.0000
3635,300,300,0,0,0.0000,0.0000
3636,300,300,0,0,0.0000,0.0000
3637,300,300,0,0,0.0000,0.0000
3638,300,300,0,0,0.0000,0.0000
3639,300,300,0,0,0.0000,0.0000
3640,300,300,0,0,0.0000,0.0000
3641,300,300,0,0,0.0000,0.0000
3642,300,300,0,0,0.0000,0.0000
3643,300,300,0,0,0.0000,0.0000
3644,300,300,0,0,0.0000,0.0000
3645,300,300,0,0,0.0000,0.0000
3646,300,300,0,0,0.0000,0.0000
3647,294,294,0,0,0.0000,0.0000
3648,297,297,0,0,0.0000,0.0000
3649,297,297,0,0,0.0000,0.0000
3650,299,299,0,0,0.0000,0.0000
3651,305,305,0,0,0.0000,0.0000
3652,305,305,0,0,0.0000,0.0000
3653,305,305,0,0,0.0000,0.0000
3654,305,305,0,0,0.0000,0.0000
3655,305,305,0,0,0.0000,0.0000
3656,305,305,0,0,0.0000,0.0000
3657,305,305,0,0,0.0000,0.0000
3658,305,305,0,0,0.0000,0.0000
3659,305,305,0,0,0.0000,0.0000
3660,305,305,0,0,0.0000,0.0000
3661,305,305,0,0,0.0000,0.0000
3662,305,305,0,0,0.0000,0.0000
3663,305,305,0,0,0.0000,0.0000
3664,305,305,0,0,0.0000,0.0000
3665,305,305,0,0,0.0000,0.0000
3666,305,305,0,0,0.0000,0.0000
3667,305,305,0,0,0.0000,0.0000
3668,305,305,0,0,0.0000,0.0000
3669,305,305,0,0,0.0000,0.0000
3670,305,305,0,0,0.0000,0.0000
3671,305,305,0,0,0.0000,0.0000
3672,305,305,0,0,0.0000,0.0000
3673,305,305,0,0,0.0000,0.0000
3674,305,305,0,0,0.0000,0.0000
3675,305,305,0,0,0.0000,0.0000
3676,305,305,0,0,0.0000,0.0000
3677,305,305,0,0,0.0000,0.0000
3678,305,305,0,0,0.0000,0.0000
3679,305,305,0,0,0.0000,0.0000
3680,305,305,0,0,0.0000,0.0000
3681,305,305,0,0,0.0000,0.0000
3682,305,305,0,0,0.0000,0.0000
3683,305,305,0,0,0.0000,0.0000
3684,305,305,0,0,0.0000,0.0000
3685,305,305,0,0,0.0000,0.0000
3686,305,305,0,0,0.0000,0.0000
3687,305,305,0,0,0.0000,0.0000
3688,305,305,0,0,0.0000,0.0000
3689,305,305,0,0,0.0000,0.0000
3690,305,305,0,0,0.0000,0.0000
3691,305,305,0,0,0.0000,0.0000
3692,305,305,0,0,0.0000,0.0000
3693,305,305,0,0,0.0000,0.0000
3694,305,305,0,0,0.0000,0.0000
3695,305,305,0,0,0.0000,0.0000
3696,305,305,0,0,0.0000,0.0000
3697,305,305,0,0,0.0000,0.0000
3698,305,305,0,0,0.0000,0.0000
3699,305,305,0,0,0.0000,0.0000
3700,305,305,0,0,0.0000,0.0000
3701,305,305,0,0,0.0000,0.0000
3702,305,305,0,0,0.0000,0.0000
3703,305,305,0,0,0.0000,0.0000
3704,305,305,0,0,0.0000,0.0000
3705,305,305,0,0,0.0000,0.0000
3706,305,305,0,0,0.0000,0.0000
3707,305,305,0,0,0.0000,0.0000
3708,305,305,0,0,0.0000,0.0000
3709,305,305,0,0,0.0000,0.0000
3710,305,305,0,0,0.0000,0.0000
3711,305,305,0,0,0.0000,0.0000
3712,305,305,0,0,0.0000,0.0000
3713,305,305,0,0,0.0000,0.0000
3714,305,305,0,0,0.0000,0.0000
3715,305,305,0,0,0.0000,0.0000
3716,305,305,0,0,0.0000,0.0000
3717,305,305,0,0,0.0000,0.0000
3718,305,305,0,0,0.0000,0.0000
3719,302,302,0,0,0.0000,0.0000
3720,302,302,0,0,0.0000,0.0000
3721,302,302,0,0,0.0000,0.0000
3722,302,302,0,0,0.0000,0.0000
3723,302,302,0,0,0.0000,0.0000
3724,302,302,0,0,0.0000,0.0000
3725,302,302,0,0,0.0000,0.0000
3726,302,302,0,0,0.0000,0.0000
3727,302,302,0,0,0.0000,0.0000
3728,302,302,0,0,0.0000,0.0000
3729,302,302,0,0,0.0000,0.0000
3730,302,302,0,0,0.0000,0.0000
3731,302,302,0,0,0.0000,0.0000
3732,302,302,0,0,0.0000,0.0000
3733,302,302,0,0,0.0000,0.0000
3734,302,302,0,0,0.0000,0.0000
3735,302,302,0,0,0.0000,0.0000
3736,302,302,0,0,0.0000,0.0000
3737,302,302,0,0,0.0000,0.0000
3738,302,302,0,0,0.0000,0.0000
3739,302,302,0,0,0.0000,0.0000
3740,302,302,0,0,0.0000,0.0000
3741,302,302,0,0,0.0000,0.0000
3742,302,302,0,0,0.0000,0.0000
3743,302,302,0,0,0.0000,0.0000
3744,302,302,0,0,0.0000,0.0000
3745,302,302,0,0,0.0000,0.0000
3746,302,302,0,0,0.0000,0.0000
3747,302,302,0,0,0.0000,0.0000
3748,302,302,0,0,0.0000,0.0000
3749,302,302,0,0,0.0000,0.0000
3750,302,302,0,0,0.0000,0.0000
3751,300,300,0,0,0.0000,0.0000
3752,300,300,0,0,0.0000,0.0000
3753,300,300,0,0,0.0000,0.0000
3754,300,300,0,0,0.0000,0.0000
3755,300,300,0,0,0.0000,0.0000
3756,300,300,0,0,0.0000,0.0000
3757,300,300,0,0,0.0000,0.0000
3758,300,300,0,0,0.0000,0.0000
3759,300,300,0,0,0.0000,0.0000
3760,300,300,0,0,0.0000,0.0000
3761,300,300,0,0,0.0000,0.0000
3762,300,300,0,0,0.0000,0.0000
3763,300,300,0,0,0.0000,0.0000
3764,300,300,0,0,0.0000,0.0000
3765,300,300,0,0,0.0000,0.0000
3766,300,300,0,0,0.0000,0.0000
3767,300,300,0,0,0.0000,0.0000
3768,300,300,0,0,0.0000,0.0000
3769,300,300,0,0,0.0000,0.0000
3770,300,300,0,0,0.0000,0.0000
3771,300,300,0,0,0.0000,0.0000
3772,300,300,0,0,0.0000,0.0000
3773,300,300,0,0,0.0000,0.0000
3774,299,299,0,0,0.0000,0.0000
3775,298,298,0,0,0.0000,0.0000
3776,302,302,0,0,0.0000,0.0000
3777,302,302,0,0,0.0000,0.0000
3778,302,302,0,0,0.0000,0.0000
3779,302,302,0,0,0.0000,0.0000
3780,302,302,0,0,0.0000,0.0000
3781,302,302,0,0,0.0000,0.0000
3782,302,302,0,0,0.0000,0.0000
3783,302,302,0,0,0.0000,0.0000
3784,302,302,0,0,0.0000,0.0000
3785,302,302,0,0,0.0000,0.0000
3786,302,302,0,0,0.0000,0.0000
3787,302,302,0,0,0.0000,0.0000
3788,302,302,0,0,0.0000,0.0000
3789,302,302,0,0,0.0000,0.0000
3790,302,302,0,0,0.0000,0.0000
3791,302,302,0,0,0.0000,0.0000
3792,302,302,0,0,0.0000,0.0000
3793,302,302,0,0,0.0000,0.0000
3794,302,302,0,0,0.0000,0.0000
3795,302,302,0,0,0.0000,0.0000
3796,302,302,0,0,0.0000,0.0000
3797,302,302,0,0,0.0000,0.0000
3798,302,302,0,0,0.0000,0.0000
3799,302,302,0,0,0.0000,0.0000
3800,302,302,0,0,0.0000,0.0000
3801,302,302,0,0,0.0000,0.0000
3802,302,302,0,0,0.0000,0.0000
3803,302,302,0,0,0.0000,0.0000
3804,302,302,0,0,0.0000,0.0000
3805,302,302,0,0,0.0000,0.0000
3806,302,302,0,0,0.0000,0.0000
3807,300,300,0,0,0.0000,0.0000
3808,300,300,0,0,0.0000,0.0000
3809,300,300,0,0,0.0000,0.0000
3810,300,300,0,0,0.0000,0.0000
3811,300,300,0,0,0.0000,0.0000
3812,300,300,0,0,0.0000,0.0000
3813,300,300,0,0,0.0000,0.0000
3814,300,300,0,0,0.0000,0.0000
3815,300,300,0,0,0.0000,0.0000
3816,300,300,0,0,0.0000,0.0000
3817,300,300,0,0,0.0000,0.0000
3818,300,300,0,0,0.0000,0.0000
3819,300,300,0,0,0.0000,0.0000
3820,300,300,0,0,0.0000,0.0000
3821,300,300,0,0,0.0000,0.0000
3822,300,300,0,0,0.0000,0.0000
3823,300,300,0,0,0.0000,0.0000
3824,300,300,0,0,0.0000,0.0000
3825,300,300,0,0,0.0000,0.0000
3826,300,300,0,0,0.0000,0.0000
3827,300,300,0,0,0.0000,0.0000
3828,300,300,0,0,0.0000,0.0000
3829,300,300,0,0,0.0000,0.0000
3830,300,300,0,0,0.0000,0.0000
3831,300,300,0,0,0.0000,0.0000
3832,300,300,0,0,0.0000,0.0000
3833,300,300,0,0,0.0000,0.0000
3834,300,300,0,0,0.0000,0.0000
3835,300,300,0,0,0.0000,0.0000
3836,300,300,0,0,0.0000,0.0000
3837,300,300,0,0,0.0000,0.0000
3838,300,300,0,0,0.0000,0.0000
3839,300,300,0,0,0.0000,0.0000
3840,300,300,0,0,0.0000,0.0000
3841,300,300,0,0,0.0000,0.0000
3842,300,300,0,0,0.0000,0.0000
3843,300,300,0,0,0.0000,0.0000
3844,300,300,0,0,0.0000,0.0000
3845,300,300,0,0,0.0000,0.0000
3846,300,300,0,0,0.0000,0.0000
3847,300,300,0,0,0.0000,0.0000
3848,300,300,0,0,0.0000,0.0000
3849,300,300,0,0,0.0000,0.0000
3850,300,300,0,0,0.0000,0.0000
3851,300,300,0,0,0.0000,0.0000
3852,300,300,0,0,0.0000,0.0000
3853,300,300,0,0,0.0000,0.0000
3854,300,300,0,0,0.0000,0.0000
3855,300,300,0,0,0.0000,0.0000
3856,300,300,0,0,0.0000,0.0000
3857,300,300,0,0,0.0000,0.0000
3858,300,300,0,0,0.0000,0.0000
3859,300,300,0,0,0.0000,0.0000
3860,300,300,0,0,0.0000,0.0000
3861,300,300,0,0,0.0000,0.0000
3862,300,300,0,0,0.0000,0.0000
3863,300,300,0,0,0.0000,0.0000
3864,300,300,0,0,0.0000,0.0000
3865,300,300,0,0,0.0000,0.0000
3866,300,300,0,0,0.0000,0.0000
3867,300,300,0,0,0.0000,0.0000
3868,300,300,0,0,0.0000,0.0000
3869,300,300,0,0,0.0000,0.0000
3870,300,300,0,0,0.0000,0.0000
3871,300,300,0,0,0.0000,0.0000
3872,300,300,0,0,0.0000,0.0000
3873,300,300,0,0,0.0000,0.0000
3874,299,299,0,0,0.0000,0.0000
3875,305,305,0,0,0.0000,0.0000
3876,305,305,0,0,0.0000,0.0000
3877,305,305,0,0,0.0000,0.0000
3878,305,305,0,0,0.0000,0.0000
3879,305,305,0,0,0.0000,0.0000
3880,305,305,0,0,0.0000,0.0000
3881,305,305,0,0,0.0000,0.0000
3882,305,305,0,0,0.0000,0.0000
3883,305,305,0,0,0.0000,0.0000
3884,305,305,0,0,0.0000,0.0000
3885,305,305,0,0,0.0000,0.0000
3886,305,305,0,0,0.0000,0.0000
3887,305,305,0,0,0.0000,0.0000
3888,305,305,0,0,0.0000,0.0000
3889,305,305,0,0,0.0000,0.0000
3890,305,305,0,0,0.0000,0.0000
3891,305,305,0,0,0.0000,0.0000
3892,305,305,0,0,0.0000,0.0000
3893,305,305,0,0,0.0000,0.0000
3894,305,305,0,0,0.0000,0.0000
3895,305,305,0,0,0.0000,0.0000
3896,305,305,0,0,0.0000,0.0000
3897,305,305,0,0,0.0000,0.0000
3898,305,305,0,0,0.0000,0.0000
3899,305,305,0,0,0.0000,0.0000
3900,305,305,0,0,0.0000,0.0000
3901,302,302,0,0,0.0000,0.0000
3902,302,302,0,0,0.0000,0.0000
3903,302,302,0,0,0.0000,0.0000
3904,302,302,0,0,0.0000,0.0000
3905,302,302,0,0,0.0000,0.0000
3906,302,302,0,0,0.0000,0.0000
3907,302,302,0,0,0.0000,0.0000
3908,302,302,0,0,0.0000,0.0000
3909,302,302,0,0,0.0000,0.0000
3910,302,302,0,0,0.0000,0.0000
3911,302,302,0,0,0.0000,0.0000
3912,302,302,0,0,0.0000,0.0000
3913,302,302,0,0,0.0000,0.0000
3914,302,302,0,0,0.0000,0.0000
3915,302,302,0,0,0.0000,0.0000
3916,302,302,0,0,0.0000,0.0000
3917,299,299,0,0,0.0000,0.0000
3918,304,304,0,0,0.0000,0.0000
3919,304,304,0,0,0.0000,0.0000
3920,304,304,0,0,0.0000,0.0000
3921,304,304,0,0,0.0000,0.0000
3922,304,304,0,0,0.0000,0.0000
3923,304,304,0,0,0.0000,0.0000
3924,304,304,0,0,0.0000,0.0000
3925,304,304,0,0,0.0000,0.0000
3926,304,304,0,0,0.0000,0.0000
3927,304,304,0,0,0.0000,0.0000
3928,304,304,0,0,0.0000,0.0000
3929,304,304,0,0,0.0000,0.0000
3930,304,304,0,0,0.0000,0.0000
3931,304,304,0,0,0.0000,0.0000
3932,304,304,0,0,0.0000,0.0000
3933,304,304,0,0,0.0000,0.0000
3934,304,304,0,0,0.0000,0.0000
3935,304,304,0,0,0.0000,0.0000
3936,300,300,0,0,0.0000,0.0000
3937,300,300,0,0,0.0000,0.0000
3938,300,300,0,0,0.0000,0.0000
3939,300,300,0,0,0.0000,0.0000
3940,300,300,0,0,0.0000,0.0000
3941,300,300,0,0,0.0000,0.0000
3942,300,300,0,0,0.0000,0.0000
3943,300,300,0,0,0.0000,0.0000
3944,300,300,0,0,0.0000,0.0000
3945,300,300,0,0,0.0000,0.0000
3946,300,300,0,0,0.0000,0.0000
3947,300,300,0,0,0.0000,0.0000
3948,300,300,0,0,0.0000,0.0000
3949,300,300,0,0,0.0000,0.0000
3950,300,300,0,0,0.0000,0.0000
3951,300,300,0,0,0.0000,0.0000
3952,300,300,0,0,0.0000,0.0000
3953,300,300,0,0,0.0000,0.0000
3954,300,300,0,0,0.0000,0.0000
3955,300,300,0,0,0.0000,0.0000
3956,300,300,0,0,0.0000,0.0000
3957,300,300,0,0,0.0000,0.0000
3958,300,300,0,0,0.0000,0.0000
3959,300,300,0,0,0.0000,0.0000
3960,300,300,0,0,0.0000,0.0000
3961,300,300,0,0,0.0000,0.0000
3962,300,300,0,0,0.0000,0.0000
3963,300,300,0,0,0.0000,0.0000
3964,300,300,0,0,0.0000,0.0000
3965,300,300,0,0,0.0000,0.0000
3966,300,300,0,0,0.0000,0.0000
3967,300,300,0,0,0.0000,0.0000
3968,300,300,0,0,0.0000,0.0000
3969,300,300,0,0,0.0000,0.0000
3970,300,300,0,0,0.0000,0.0000
3971,300,300,0,0,0.0000,0.0000
3972,300,300,0,0,0.0000,0.0000
3973,300,300,0,0,0.0000,0.0000
3974,300,300,0,0,0.0000,0.0000
3975,300,300,0,0,0.0000,0.0000
3976,300,300,0,0,0.0000,0.0000
3977,300,300,0,0,0.0000,0.0000
3978,300,300,0,0,0.0000,0.0000
3979,300,300,0,0,0.0000,0.0000
3980,300,300,0,0,0.0000,0.0000
3981,300,300,0,0,0.0000,0.0000
3982,300,300,0,0,0.0000,0.0000
3983,300,300,0,0,0.0000,0.0000
3984,300,300,0,0,0.0000,0.0000
3985,300,300,0,0,0.0000,0.0000
3986,300,300,0,0,0.0000,0.0000
3987,298,298,0,0,0.0000,0.0000
3988,299,299,0,0,0.0000,0.0000
3989,301,301,0,0,0.0000,0.0000
3990,301,301,0,0,0.0000,0.0000
3991,301,301,0,0,0.0000,0.0000
3992,301,301,0,0,0.0000,0.0000
3993,301,301,0,0,0.0000,0.0000
3994,301,301,0,0,0.0000,0.0000
3995,301,301,0,0,0.0000,0.0000
3996,301,301,0,0,0.0000,0.0000
3997,301,301,0,0,0.0000,0.0000
3998,301,301,0,0,0.0000,0.0000
3999,299,299,0,0,0.0000,0.0000
4000,305,305,0,0,0.0000,0.0000
4001,305,305,0,0,0.0000,0.0000
4002,305,305,0,0,0.0000,0.0000
4003,305,305,0,0,0.0000,0.0000
4004,305,305,0,0,0.0000,0.0000
4005,305,305,0,0,0.0000,0.0000
4006,305,305,0,0,0.0000,0.0000
4007,305,305,0,0,0.0000,0.0000
4008,305,305,0,0,0.0000,0.0000
4009,305,305,0,0,0.0000,0.0000
4010,305,305,0,0,0.0000,0.0000
4011,305,305,0,0,0.0000,0.0000
4012,305,305,0,0,0.0000,0.0000
4013,305,305,0,0,0.0000,0.0000
4014,305,305,0,0,0.0000,0.0000
4015,305,305,0,0,0.0000,0.0000
4016,305,305,0,0,0.0000,0.0000
4017,305,305,0,0,0.0000,0.0000
4018,305,305,0,0,0.0000,0.0000
4019,305,305,0,0,0.0000,0.0000
4020,305,305,0,0,0.0000,0.0000
4021,305,305,0,0,0.0000,0.0000
4022,305,305,0,0,0.0000,0.0000
4023,305,305,0,0,0.0000,0.0000
4024,305,305,0,0,0.0000,0.0000
4025,305,305,0,0,0.0000,0.0000
4026,305,305,0,0,0.0000,0.0000
4027,305,305,0,0,0.0000,0.0000
4028,305,305,0,0,0.0000,0.0000
4029,305,305,0,0,0.0000,0.0000
4030,304,304,0,0,0.0000,0.0000
4031,304,304,0,0,0.0000,0.0000
4032,301,301,0,0,0.0000,0.0000
4033,301,301,0,0,0.0000,0.0000
4034,301,301,0,0,0.0000,0.0000
4035,301,301,0,0,0.0000,0.0000
4036,301,301,0,0,0.0000,0.0000
4037,301,301,0,0,0.0000,0.0000
4038,301,301,0,0,0.0000,0.0000
4039,301,301,0,0,0.0000,0.0000
4040,301,301,0,0,0.0000,0.0000
4041,301,301,0,0,0.0000,0.0000
4042,301,301,0,0,0.0000,0.0000
4043,301,301,0,0,0.0000,0.0000
4044,301,301,0,0,0.0000,0.0000
4045,301,301,0,0,0.0000,0.0000
4046,301,301,0,0,0.0000,0.0000
4047,301,301,0,0,0.0000,0.0000
4048,301,301,0,0,0.0000,0.0000
4049,301,301,0,0,0.0000,0.0000
4050,301,301,0,0,0.0000,0.0000
4051,301,301,0,0,0.0000,0.0000
4052,301,301,0,0,0.0000,0.0000
4053,301,301,0,0,0.0000,0.0000
4054,301,301,0,0,0.0000,0.0000
4055,301,301,0,0,0.0000,0.0000
4056,301,301,0,0,0.0000,0.0000
4057,301,301,0,0,0.0000,0.0000
4058,301,301,0,0,0.0000,0.0000
4059,301,301,0,0,0.0000,0.0000
4060,301,301,0,0,0.0000,0.0000
4061,301,301,0,0,0.0000,0.0000
4062,301,301,0,0,0.0000,0.0000
4063,301,301,0,0,0.0000,0.0000
4064,301,301,0,0,0.0000,0.0000
4065,301,301,0,0,0.0000,0.0000
4066,301,301,0,0,0.0000,0.0000
4067,301,301,0,0,0.0000,0.0000
4068,301,301,0,0,0.0000,0.0000
4069,301,301,0,0,0.0000,0.0000
4070,301,301,0,0,0.0000,0.0000
4071,301,301,0,0,0.0000,0.0000
4072,301,301,0,0,0.0000,0.0000
4073,301,301,0,0,0.0000,0.0000
4074,298,298,0,0,0.0000,0.0000
4075,301,301,0,0,0.0000,0.0000
4076,301,301,0,0,0.0000,0.0000
4077,301,301,0,0,0.0000,0.0000
4078,301,301,0,0,0.0000,0.0000
4079,301,301,0,0,0.0000,0.0000
4080,301,301,0,0,0.0000,0.0000
4081,301,301,0,0,0.0000,0.0000
4082,301,301,0,0,0.0000,0.0000
4083,301,301,0,0,0.0000,0.0000
4084,301,301,0,0,0.0000,0.0000
4085,301,301,0,0,0.0000,0.0000
4086,301,301,0,0,0.0000,0.0000
4087,301,301,0,0,0.0000,0.0000
4088,301,301,0,0,0.0000,0.0000
4089,301,301,0,0,0.0000,0.0000
4090,301,301,0,0,0.0000,0.0000
4091,301,301,0,0,0.0000,0.0000
4092,301,301,0,0,0.0000,0.0000
4093,301,301,0,0,0.0000,0.0000
4094,301,301,0,0,0.0000,0.0000
4095,301,301,0,0,0.0000,0.0000
4096,301,301,0,0,0.0000,0.0000
4097,301,301,0,0,0.0000,0.0000
4098,301,301,0,0,0.0000,0.0000
4099,301,301,0,0,0.0000,0.0000
4100,301,301,0,0,0.0000,0.0000
4101,301,301,0,0,0.0000,0.0000
4102,301,301,0,0,0.0000,0.0000
4103,301,301,0,0,0.0000,0.0000
4104,301,301,0,0,0.0000,0.0000
4105,301,301,0,0,0.0000,0.0000
4106,301,301,0,0,0.0000,0.0000
4107,301,301,0,0,0.0000,0.0000
4108,301,301,0,0,0.0000,0.0000
4109,301,301,0,0,0.0000,0.0000
4110,301,301,0,0,0.0000,0.0000
4111,301,301,0,0,0.0000,0.0000
4112,301,301,0,0,0.0000,0.0000
4113,301,301,0,0,0.0000,0.0000
4114,301,301,0,0,0.0000,0.0000
4115,301,301,0,0,0.0000,0.0000
4116,301,301,0,0,0.0000,0.0000
4117,301,301,0,0,0.0000,0.0000
4118,301,301,0,0,0.0000,0.0000
4119,301,301,0,0,0.0000,0.0000
4120,301,301,0,0,0.0000,0.0000
4121,301,301,0,0,0.0000,0.0000
4122,301,301,0,0,0.0000,0.0000
4123,297,297,0,0,0.0000,0.0000
4124,299,299,0,0,0.0000,0.0000
4125,302,302,0,0,0.0000,0.0000
4126,302,302,0,0,0.0000,0.0000
4127,302,302,0,0,0.0000,0.0000
4128,302,302,0,0,0.0000,0.0000
4129,302,302,0,0,0.0000,0.0000
4130,302,302,0,0,0.0000,0.0000
4131,302,302,0,0,0.0000,0.0000
4132,302,302,0,0,0.0000,0.0000
4133,302,302,0,0,0.0000,0.0000
4134,302,302,0,0,0.0000,0.0000
4135,302,302,0,0,0.0000,0.0000
4136,302,302,0,0,0.0000,0.0000
4137,302,302,0,0,0.0000,0.0000
4138,302,302,0,0,0.0000,0.0000
4139,302,302,0,0,0.0000,0.0000
4140,302,302,0,0,0.0000,0.0000
4141,302,302,0,0,0.0000,0.0000
4142,302,302,0,0,0.0000,0.0000
4143,302,302,0,0,0.0000,0.0000
4144,302,302,0,0,0.0000,0.0000
4145,302,302,0,0,0.0000,0.0000
4146,302,302,0,0,0.0000,0.0000
4147,302,302,0,0,0.0000,0.0000
4148,302,302,0,0,0.0000,0.0000
4149,302,302,0,0,0.0000,0.0000
4150,302,302,0,0,0.0000,0.0000
4151,302,302,0,0,0.0000,0.0000
4152,302,302,0,0,0.0000,0.0000
4153,302,302,0,0,0.0000,0.0000
4154,302,302,0,0,0.0000,0.0000
4155,302,302,0,0,0.0000,0.0000
4156,302,302,0,0,0.0000,0.0000
4157,302,302,0,0,0.0000,0.0000
4158,302,302,0,0,0.0000,0.0000
4159,302,302,0,0,0.0000,0.0000
4160,302,302,0,0,0.0000,0.0000
4161,302,302,0,0,0.0000,0.0000
4162,302,302,0,0,0.0000,0.0000
4163,302,302,0,0,0.0000,0.0000
4164,302,302,0,0,0.0000,0.0000
4165,302,302,0,0,0.0000,0.0000
4166,302,302,0,0,0.0000,0.0000
4167,302,302,0,0,0.0000,0.0000
4168,302,302,0,0,0.0000,0.0000
4169,302,302,0,0,0.0000,0.0000
4170,302,302,0,0,0.0000,0.0000
4171,302,302,0,0,0.0000,0.0000
4172,302,302,0,0,0.0000,0.0000
4173,302,302,0,0,0.0000,0.0000
4174,302,302,0,0,0.0000,0.0000
4175,302,302,0,0,0.0000,0.0000
4176,302,302,0,0,0.0000,0.0000
4177,302,302,0,0,0.0000,0.0000
4178,302,302,0,0,0.0000,0.0000
4179,302,302,0,0,0.0000,0.0000
4180,302,302,0,0,0.0000,0.0000
4181,302,302,0,0,0.0000,0.0000
4182,302,302,0,0,0.0000,0.0000
4183,302,302,0,0,0.0000,0.0000
4184,302,302,0,0,0.0000,0.0000
4185,302,302,0,0,0.0000,0.0000
4186,302,302,0,0,0.0000,0.0000
4187,302,302,0,0,0.0000,0.0000
4188,302,302,0,0,0.0000,0.0000
4189,302,302,0,0,0.0000,0.0000
4190,302,302,0,0,0.0000,0.0000
4191,302,302,0,0,0.0000,0.0000
4192,302,302,0,0,0.0000,0.0000
4193,302,302,0,0,0.0000,0.0000
4194,302,302,0,0,0.0000,0.0000
4195,302,302,0,0,0.0000,0.0000
4196,302,302,0,0,0.0000,0.0000
4197,302,302,0,0,0.0000,0.0000
4198,302,302,0,0,0.0000,0.0000
4199,302,302,0,0,0.0000,0.0000
4200,302,302,0,0,0.0000,0.0000
4201,302,302,0,0,0.0000,0.0000
4202,302,302,0,0,0.0000,0.0000
4203,302,302,0,0,0.0000,0.0000
4204,302,302,0,0,0.0000,0.0000
4205,302,302,0,0,0.0000,0.0000
4206,302,302,0,0,0.0000,0.0000
4207,302,302,0,0,0.0000,0.0000
4208,302,302,0,0,0.0000,0.0000
4209,302,302,0,0,0.0000,0.0000
4210,302,302,0,0,0.0000,0.0000
4211,302,302,0,0,0.0000,0.0000
4212,302,302,0,0,0.0000,0.0000
4213,302,302,0,0,0.0000,0.0000
4214,302,302,0,0,0.0000,0.0000
4215,302,302,0,0,0.0000,0.0000
4216,302,302,0,0,0.0000,0.0000
4217,302,302,0,0,0.0000,0.0000
4218,302,302,0,0,0.0000,0.0000
4219,302,302,0,0,0.0000,0.0000
4220,302,302,0,0,0.0000,0.0000
4221,302,302,0,0,0.0000,0.0000
4222,302,302,0,0,0.0000,0.0000
4223,302,302,0,0,0.0000,0.0000
4224,302,302,0,0,0.0000,0.0000
4225,302,302,0,0,0.0000,0.0000
4226,302,302,0,0,0.0000,0.0000
4227,302,302,0,0,0.0000,0.0000
4228,302,302,0,0,0.0000,0.0000
4229,302,302,0,0,0.0000,0.0000
4230,302,302,0,0,0.0000,0.0000
4231,302,302,0,0,0.0000,0.0000
4232,301,301,0,0,0.0000,0.0000
4233,301,301,0,0,0.0000,0.0000
4234,301,301,0,0,0.0000,0.0000
4235,301,301,0,0,0.0000,0.0000
4236,301,301,0,0,0.0000,0.0000
4237,300,300,0,0,0.0000,0.0000
4238,300,300,0,0,0.0000,0.0000
4239,297,297,0,0,0.0000,0.0000
4240,297,297,0,0,0.0000,0.0000
4241,299,299,0,0,0.0000,0.0000
4242,304,304,0,0,0.0000,0.0000
4243,304,304,0,0,0.0000,0.0000
4244,304,304,0,0,0.0000,0.0000
4245,304,304,0,0,0.0000,0.0000
4246,304,304,0,0,0.0000,0.0000
4247,304,304,0,0,0.0000,0.0000
4248,304,304,0,0,0.0000,0.0000
4249,304,304,0,0,0.0000,0.0000
4250,304,304,0,0,0.0000,0.0000
4251,304,304,0,0,0.0000,0.0000
4252,304,304,0,0,0.0000,0.0000
4253,304,304,0,0,0.0000,0.0000
4254,304,304,0,0,0.0000,0.0000
4255,304,304,0,0,0.0000,0.0000
4256,304,304,0,0,0.0000,0.0000
4257,304,304,0,0,0.0000,0.0000
4258,304,304,0,0,0.0000,0.0000
4259,304,304,0,0,0.0000,0.0000
4260,304,304,0,0,0.0000,0.0000
4261,304,304,0,0,0.0000,0.0000
4262,304,304,0,0,0.0000,0.0000
4263,304,304,0,0,0.0000,0.0000
4264,304,304,0,0,0.0000,0.0000
4265,304,304,0,0,0.0000,0.0000
4266,304,304,0,0,0.0000,0.0000
4267,304,304,0,0,0.0000,0.0000
4268,304,304,0,0,0.0000,0.0000
4269,304,304,0,0,0.0000,0.0000
4270,304,304,0,0,0.0000,0.0000
4271,304,304,0,0,0.0000,0.0000
4272,304,304,0,0,0.0000,0.0000
4273,304,304,0,0,0.0000,0.0000
4274,304,304,0,0,0.0000,0.0000
4275,304,304,0,0,0.0000,0.0000
4276,304,304,0,0,0.0000,0.0000
4277,304,304,0,0,0.0000,0.0000
4278,304,304,0,0,0.0000,0.0000
4279,304,304,0,0,0.0000,0.0000
4280,304,304,0,0,0.0000,0.0000
4281,304,304,0,0,0.0000,0.0000
4282,304,304,0,0,0.0000,0.0000
4283,304,304,0,0,0.0000,0.0000
4284,304,304,0,0,0.0000,0.0000
4285,304,304,0,0,0.0000,0.0000
4286,304,304,0,0,0.0000,0.0000
4287,304,304,0,0,0.0000,0.0000
4288,304,304,0,0,0.0000,0.0000
4289,304,304,0,0,0.0000,0.0000
4290,304,304,0,0,0.0000,0.0000
4291,304,304,0,0,0.0000,0.0000
4292,304,304,0,0,0.0000,0.0000
4293,304,304,0,0,0.0000,0.0000
4294,304,304,0,0,0.0000,0.0000
4295,304,304,0,0,0.0000,0.0000
4296,304,304,0,0,0.0000,0.0000
4297,304,304,0,0,0.0000,0.0000
4298,304,304,0,0,0.0000,0.0000
4299,304,304,0,0,0.0000,0.0000
4300,304,304,0,0,0.0000,0.0000
4301,304,304,0,0,0.0000,0.0000
4302,304,304,0,0,0.0000,0.0000
4303,304,304,0,0,0.0000,0.0000
4304,304,304,0,0,0.0000,0.0000
4305,304,304,0,0,0.0000,0.0000
4306,304,304,0,0,0.0000,0.0000
4307,304,304,0,0,0.0000,0.0000
4308,304,304,0,0,0.0000,0.0000
4309,304,304,0,0,0.0000,0.0000
4310,304,304,0,0,0.0000,0.0000
4311,304,304,0,0,0.0000,0.0000
4312,304,304,0,0,0.0000,0.0000
4313,304,304,0,0,0.0000,0.0000
4314,304,304,0,0,0.0000,0.0000
4315,304,304,0,0,0.0000,0.0000
4316,304,304,0,0,0.0000,0.0000
4317,304,304,0,0,0.0000,0.0000
4318,304,304,0,0,0.0000,0.0000
4319,304,304,0,0,0.0000,0.0000
4320,304,304,0,0,0.0000,0.0000
4321,304,304,0,0,0.0000,0.0000
4322,304,304,0,0,0.0000,0.0000
4323,304,304,0,0,0.0000,0.0000
4324,304,304,0,0,0.0000,0.0000
4325,304,304,0,0,0.0000,0.0000
4326,304,304,0,0,0.0000,0.0000
4327,304,304,0,0,0.0000,0.0000
4328,304,304,0,0,0.0000,0.0000
4329,304,304,0,0,0.0000,0.0000
4330,304,304,0,0,0.0000,0.0000
4331,304,304,0,0,0.0000,0.0000
4332,304,304,0,0,0.0000,0.0000
4333,304,304,0,0,0.0000,0.0000
4334,304,304,0,0,0.0000,0.0000
4335,304,304,0,0,0.0000,0.0000
4336,304,304,0,0,0.0000,0.0000
4337,304,304,0,0,0.0000,0.0000
4338,304,304,0,0,0.0000,0.0000
4339,304,304,0,0,0.0000,0.0000
4340,304,304,0,0,0.0000,0.0000
4341,304,304,0,0,0.0000,0.0000
4342,304,304,0,0,0.0000,0.0000
4343,304,304,0,0,0.0000,0.0000
4344,304,304,0,0,0.0000,0.0000
4345,304,304,0,0,0.0000,0.0000
4346,304,304,0,0,0.0000,0.0000
4347,304,304,0,0,0.0000,0.0000
4348,304,304,0,0,0.0000,0.0000
4349,304,304,0,0,0.0000,0.0000
4350,304,304,0,0,0.0000,0.0000
4351,304,304,0,0,0.0000,0.0000
4352,304,304,0,0,0.0000,0.0000
4353,304,304,0,0,0.0000,0.0000
4354,304,304,0,0,0.0000,0.0000
4355,304,304,0,0,0.0000,0.0000
4356,304,304,0,0,0.0000,0.0000
4357,304,304,0,0,0.0000,0.0000
4358,304,304,0,0,0.0000,0.0000
4359,304,304,0,0,0.0000,0.0000
4360,304,304,0,0,0.0000,0.0000
4361,304,304,0,0,0.0000,0.0000
4362,304,304,0,0,0.0000,0.0000
4363,304,304,0,0,0.0000,0.0000
4364,304,304,0,0,0.0000,0.0000
4365,304,304,0,0,0.0000,0.0000
4366,304,304,0,0,0.0000,0.0000
4367,304,304,0,0,0.0000,0.0000
4368,304,304,0,0,0.0000,0.0000
4369,304,304,0,0,0.0000,0.0000
4370,304,304,0,0,0.0000,0.0000
4371,304,304,0,0,0.0000,0.0000
4372,304,304,0,0,0.0000,0.0000
4373,302,302,0,0,0.0000,0.0000
4374,302,302,0,0,0.0000,0.0000
4375,302,302,0,0,0.0000,0.0000
4376,302,302,0,0,0.0000,0.0000
4377,302,302,0,0,0.0000,0.0000
4378,302,302,0,0,0.0000,0.0000
4379,302,302,0,0,0.0000,0.0000
4380,302,302,0,0,0.0000,0.0000
4381,302,302,0,0,0.0000,0.0000
4382,302,302,0,0,0.0000,0.0000
4383,302,302,0,0,0.0000,0.0000
4384,302,302,0,0,0.0000,0.0000
4385,302,302,0,0,0.0000,0.0000
4386,302,302,0,0,0.0000,0.0000
4387,302,302,0,0,0.0000,0.0000
4388,302,302,0,0,0.0000,0.0000
4389,302,302,0,0,0.0000,0.0000
4390,302,302,0,0,0.0000,0.0000
4391,302,302,0,0,0.0000,0.0000
4392,302,302,0,0,0.0000,0.0000
4393,302,302,0,0,0.0000,0.0000
4394,302,302,0,0,0.0000,0.0000
4395,302,302,0,0,0.0000,0.0000
4396,302,302,0,0,0.0000,0.0000
4397,302,302,0,0,0.0000,0.0000
4398,301,301,0,0,0.0000,0.0000
4399,301,301,0,0,0.0000,0.0000
4400,301,301,0,0,0.0000,0.0000
4401,301,301,0,0,0.0000,0.0000
4402,301,301,0,0,0.0000,0.0000
4403,301,301,0,0,0.0000,0.0000
4404,301,301,0,0,0.0000,0.0000
4405,301,301,0,0,0.0000,0.0000
4406,301,301,0,0,0.0000,0.0000
4407,301,301,0,0,0.0000,0.0000
4408,301,301,0,0,0.0000,0.0000
4409,301,301,0,0,0.0000,0.0000
4410,301,301,0,0,0.0000,0.0000
4411,301,301,0,0,0.0000,0.0000
4412,301,301,0,0,0.0000,0.0000
4413,301,301,0,0,0.0000,0.0000
4414,301,301,0,0,0.0000,0.0000
4415,301,301,0,0,0.0000,0.0000
4416,301,301,0,0,0.0000,0.0000
4417,301,301,0,0,0.0000,0.0000
4418,297,297,0,0,0.0000,0.0000
4419,298,298,0,0,0.0000,0.0000
4420,301,301,0,0,0.0000,0.0000
4421,301,301,0,0,0.0000,0.0000
4422,301,301,0,0,0.0000,0.0000
4423,301,301,0,0,0.0000,0.0000
4424,301,301,0,0,0.0000,0.0000
4425,301,301,0,0,0.0000,0.0000
4426,301,301,0,0,0.0000,0.0000
4427,301,301,0,0,0.0000,0.0000
4428,301,301,0,0,0.0000,0.0000
4429,301,301,0,0,0.0000,0.0000
4430,301,301,0,0,0.0000,0.0000
4431,301,301,0,0,0.0000,0.0000
4432,301,301,0,0,0.0000,0.0000
4433,301,301,0,0,0.0000,0.0000
4434,301,301,0,0,0.0000,0.0000
4435,301,301,0,0,0.0000,0.0000
4436,301,301,0,0,0.0000,0.0000
4437,301,301,0,0,0.0000,0.0000
4438,301,301,0,0,0.0000,0.0000
4439,301,301,0,0,0.0000,0.0000
4440,301,301,0,0,0.0000,0.0000
4441,301,301,0,0,0.0000,0.0000
4442,301,301,0,0,0.0000,0.0000
4443,301,301,0,0,0.0000,0.0000
4444,301,301,0,0,0.0000,0.0000
4445,301,301,0,0,0.0000,0.0000
4446,301,301,0,0,0.0000,0.0000
4447,301,301,0,0,0.0000,0.0000
4448,301,301,0,0,0.0000,0.0000
4449,301,301,0,0,0.0000,0.0000
4450,301,301,0,0,0.0000,0.0000
4451,301,301,0,0,0.0000,0.0000
4452,301,301,0,0,0.0000,0.0000
4453,301,301,0,0,0.0000,0.0000
4454,301,301,0,0,0.0000,0.0000
4455,301,301,0,0,0.0000,0.0000
4456,301,301,0,0,0.0000,0.0000
4457,301,301,0,0,0.0000,0.0000
4458,301,301,0,0,0.0000,0.0000
4459,301,301,0,0,0.0000,0.0000
4460,301,301,0,0,0.0000,0.0000
4461,301,301,0,0,0.0000,0.0000
4462,301,301,0,0,0.0000,0.0000
4463,298,298,0,0,0.0000,0.0000
4464,302,302,0,0,0.0000,0.0000
4465,302,302,0,0,0.0000,0.0000
4466,302,302,0,0,0.0000,0.0000
4467,302,302,0,0,0.0000,0.0000
4468,302,302,0,0,0.0000,0.0000
4469,302,302,0,0,0.0000,0.0000
4470,302,302,0,0,0.0000,0.0000
4471,302,302,0,0,0.0000,0.0000
4472,302,302,0,0,0.0000,0.0000
4473,302,302,0,0,0.0000,0.0000
4474,302,302,0,0,0.0000,0.0000
4475,302,302,0,0,0.0000,0.0000
4476,302,302,0,0,0.0000,0.0000
4477,302,302,0,0,0.0000,0.0000
4478,302,302,0,0,0.0000,0.0000
4479,302,302,0,0,0.0000,0.0000
4480,302,302,0,0,0.0000,0.0000
4481,302,302,0,0,0.0000,0.0000
4482,302,302,0,0,0.0000,0.0000
4483,302,302,0,0,0.0000,0.0000
4484,302,302,0,0,0.0000,0.0000
4485,302,302,0,0,0.0000,0.0000
4486,302,302,0,0,0.0000,0.0000
4487,302,302,0,0,0.0000,0.0000
4488,302,302,0,0,0.0000,0.0000
4489,302,302,0,0,0.0000,0.0000
4490,302,302,0,0,0.0000,0.0000
4491,302,302,0,0,0.0000,0.0000
4492,302,302,0,0,0.0000,0.0000
4493,302,302,0,0,0.0000,0.0000
4494,302,302,0,0,0.0000,0.0000
4495,302,302,0,0,0.0000,0.0000
4496,302,302,0,0,0.0000,0.0000
4497,302,302,0,0,0.0000,0.0000
4498,302,302,0,0,0.0000,0.0000
4499,302,302,0,0,0.0000,0.0000
4500,302,302,0,0,0.0000,0.0000
4501,302,302,0,0,0.0000,0.0000
4502,302,302,0,0,0.0000,0.0000
4503,302,302,0,0,0.0000,0.0000
4504,302,302,0,0,0.0000,0.0000
4505,302,302,0,0,0.0000,0.0000
4506,302,302,0,0,0.0000,0.0000
4507,302,302,0,0,0.0000,0.0000
4508,302,302,0,0,0.0000,0.0000
4509,297,297,0,0,0.0000,0.0000
4510,301,301,0,0,0.0000,0.0000
4511,301,301,0,0,0.0000,0.0000
4512,301,301,0,0,0.0000,0.0000
4513,301,301,0,0,0.0000,0.0000
4514,301,301,0,0,0.0000,0.0000
4515,301,301,0,0,0.0000,0.0000
4516,301,301,0,0,0.0000,0.0000
4517,301,301,0,0,0.0000,0.0000
4518,301,301,0,0,0.0000,0.0000
4519,301,301,0,0,0.0000,0.0000
4520,301,301,0,0,0.0000,0.0000
4521,301,301,0,0,0.0000,0.0000
4522,301,301,0,0,0.0000,0.0000
4523,301,301,0,0,0.0000,0.0000
4524,301,301,0,0,0.0000,0.0000
4525,301,301,0,0,0.0000,0.0000
4526,301,301,0,0,0.0000,0.0000
4527,301,301,0,0,0.0000,0.0000
4528,301,301,0,0,0.0000,0.0000
4529,301,301,0,0,0.0000,0.0000
4530,301,301,0,0,0.0000,0.0000
4531,301,301,0,0,0.0000,0.0000
4532,301,301,0,0,0.0000,0.0000
4533,301,301,0,0,0.0000,0.0000
4534,301,301,0,0,0.0000,0.0000
4535,301,301,0,0,0.0000,0.0000
4536,301,301,0,0,0.0000,0.0000
4537,301,301,0,0,0.0000,0.0000
4538,301,301,0,0,0.0000,0.0000
4539,301,301,0,0,0.0000,0.0000
4540,301,301,0,0,0.0000,0.0000
4541,301,301,0,0,0.0000,0.0000
4542,301,301,0,0,0.0000,0.0000
4543,301,301,0,0,0.0000,0.0000
4544,301,301,0,0,0.0000,0.0000
4545,301,301,0,0,0.0000,0.0000
4546,301,301,0,0,0.0000,0.0000
4547,301,301,0,0,0.0000,0.0000
4548,301,301,0,0,0.0000,0.0000
4549,301,301,0,0,0.0000,0.0000
4550,301,301,0,0,0.0000,0.0000
4551,301,301,0,0,0.0000,0.0000
4552,301,301,0,0,0.0000,0.0000
4553,301,301,0,0,0.0000,0.0000
4554,301,301,0,0,0.0000,0.0000
4555,301,301,0,0,0.0000,0.0000
4556,301,301,0,0,0.0000,0.0000
4557,301,301,0,0,0.0000,0.0000
4558,301,301,0,0,0.0000,0.0000
4559,301,301,0,0,0.0000,0.0000
4560,301,301,0,0,0.0000,0.0000
4561,301,301,0,0,0.0000,0.0000
4562,301,301,0,0,0.0000,0.0000
4563,301,301,0,0,0.0000,0.0000
4564,301,301,0,0,0.0000,0.0000
4565,301,301,0,0,0.0000,0.0000
4566,301,301,0,0,0.0000,0.0000
4567,301,301,0,0,0.0000,0.0000
4568,301,301,0,0,0.0000,0.0000
4569,301,301,0,0,0.0000,0.0000
4570,301,301,0,0,0.0000,0.0000
4571,301,301,0,0,0.0000,0.0000
4572,301,301,0,0,0.0000,0.0000
4573,301,301,0,0,0.0000,0.0000
4574,301,301,0,0,0.0000,0.0000
4575,301,301,0,0,0.0000,0.0000
4576,301,301,0,0,0.0000,0.0000
4577,301,301,0,0,0.0000,0.0000
4578,301,301,0,0,0.0000,0.0000
4579,301,301,0,0,0.0000,0.0000
4580,301,301,0,0,0.0000,0.0000
4581,301,301,0,0,0.0000,0.0000
4582,301,301,0,0,0.0000,0.0000
4583,301,301,0,0,0.0000,0.0000
4584,301,301,0,0,0.0000,0.0000
4585,301,301,0,0,0.0000,0.0000
4586,301,301,0,0,0.0000,0.0000
4587,301,301,0,0,0.0000,0.0000
4588,301,301,0,0,0.0000,0.0000
4589,301,301,0,0,0.0000,0.0000
4590,301,301,0,0,0.0000,0.0000
4591,301,301,0,0,0.0000,0.0000
4592,301,301,0,0,0.0000,0.0000
4593,301,301,0,0,0.0000,0.0000
4594,301,301,0,0,0.0000,0.0000
4595,301,301,0,0,0.0000,0.0000
4596,301,301,0,0,0.0000,0.0000
4597,301,301,0,0,0.0000,0.0000
4598,301,301,0,0,0.0000,0.0000
4599,301,301,0,0,0.0000,0.0000
4600,301,301,0,0,0.0000,0.0000
4601,301,301,0,0,0.0000,0.0000
4602,301,301,0,0,0.0000,0.0000
4603,299,299,0,0,0.0000,0.0000
4604,302,302,0,0,0.0000,0.0000
4605,302,302,0,0,0.0000,0.0000
4606,297,297,0,0,0.0000,0.0000
4607,300,300,0,0,0.0000,0.0000
4608,300,300,0,0,0.0000,0.0000
4609,300,300,0,0,0.0000,0.0000
4610,300,300,0,0,0.0000,0.0000
4611,300,300,0,0,0.0000,0.0000
4612,300,300,0,0,0.0000,0.0000
4613,300,300,0,0,0.0000,0.0000
4614,300,300,0,0,0.0000,0.0000
4615,300,300,0,0,0.0000,0.0000
4616,300,300,0,0,0.0000,0.0000
4617,300,300,0,0,0.0000,0.0000
4618,300,300,0,0,0.0000,0.0000
4619,300,300,0,0,0.0000,0.0000
4620,300,300,0,0,0.0000,0.0000
4621,300,300,0,0,0.0000,0.0000
4622,300,300,0,0,0.0000,0.0000
4623,300,300,0,0,0.0000,0.0000
4624,300,300,0,0,0.0000,0.0000
4625,300,300,0,0,0.0000,0.0000
4626,300,300,0,0,0.0000,0.0000
4627,300,300,0,0,0.0000,0.0000
4628,300,300,0,0,0.0000,0.0000
4629,300,300,0,0,0.0000,0.0000
4630,300,300,0,0,0.0000,0.0000
4631,300,300,0,0,0.0000,0.0000
4632,300,300,0,0,0.0000,0.0000
4633,300,300,0,0,0.0000,0.0000
4634,300,300,0,0,0.0000,0.0000
4635,300,300,0,0,0.0000,0.0000
4636,300,300,0,0,0.0000,0.0000
4637,300,300,0,0,0.0000,0.0000
4638,300,300,0,0,0.0000,0.0000
4639,300,300,0,0,0.0000,0.0000
4640,300,300,0,0,0.0000,0.0000
4641,300,300,0,0,0.0000,0.0000
4642,300,300,0,0,0.0000,0.0000
4643,300,300,0,0,0.0000,0.0000
4644,300,300,0,0,0.0000,0.0000
4645,300,300,0,0,0.0000,0.0000
4646,300,300,0,0,0.0000,0.0000
4647,300,300,0,0,0.0000,0.0000
4648,300,300,0,0,0.0000,0.0000
4649,300,300,0,0,0.0000,0.0000
4650,300,300,0,0,0.0000,0.0000
4651,300,300,0,0,0.0000,0.0000
4652,300,300,0,0,0.0000,0.0000
4653,300,300,0,0,0.0000,0.0000
4654,300,300,0,0,0.0000,0.0000
4655,300,300,0,0,0.0000,0.0000
4656,300,300,0,0,0.0000,0.0000
4657,300,300,0,0,0.0000,0.0000
4658,300,300,0,0,0.0000,0.0000
4659,300,300,0,0,0.0000,0.0000
4660,300,300,0,0,0.0000,0.0000
4661,300,300,0,0,0.0000,0.0000
4662,300,300,0,0,0.0000,0.0000
4663,300,300,0,0,0.0000,0.0000
4664,300,300,0,0,0.0000,0.0000
4665,300,300,0,0,0.0000,0.0000
4666,300,300,0,0,0.0000,0.0000
4667,300,300,0,0,0.0000,0.0000
4668,300,300,0,0,0.0000,0.0000
4669,300,300,0,0,0.0000,0.0000
4670,300,300,0,0,0.0000,0.0000
4671,300,300,0,0,0.0000,0.0000
4672,300,300,0,0,0.0000,0.0000
4673,300,300,0,0,0.0000,0.0000
4674,300,300,0,0,0.0000,0.0000
4675,300,300,0,0,0.0000,0.0000
4676,300,300,0,0,0.0000,0.0000
4677,300,300,0,0,0.0000,0.0000
4678,300,300,0,0,0.0000,0.0000
4679,300,300,0,0,0.0000,0.0000
4680,300,300,0,0,0.0000,0.0000
4681,300,300,0,0,0.0000,0.0000
4682,300,300,0,0,0.0000,0.0000
4683,300,300,0,0,0.0000,0.0000
4684,300,300,0,0,0.0000,0.0000
4685,300,300,0,0,0.0000,0.0000
4686,300,300,0,0,0.0000,0.0000
4687,300,300,0,0,0.0000,0.0000
4688,300,300,0,0,0.0000,0.0000
4689,300,300,0,0,0.0000,0.0000
4690,300,300,0,0,0.0000,0.0000
4691,300,300,0,0,0.0000,0.0000
4692,300,300,0,0,0.0000,0.0000
4693,300,300,0,0,0.0000,0.0000
4694,300,300,0,0,0.0000,0.0000
4695,300,300,0,0,0.0000,0.0000
4696,300,300,0,0,0.0000,0.0000
4697,300,300,0,0,0.0000,0.0000
4698,300,300,0,0,0.0000,0.0000
4699,300,300,0,0,0.0000,0.0000
4700,300,300,0,0,0.0000,0.0000
4701,299,299,0,0,0.0000,0.0000
4702,301,301,0,0,0.0000,0.0000
4703,301,301,0,0,0.0000,0.0000
4704,301,301,0,0,0.0000,0.0000
4705,301,301,0,0,0.0000,0.0000
4706,301,301,0,0,0.0000,0.0000
4707,301,301,0,0,0.0000,0.0000
4708,301,301,0,0,0.0000,0.0000
4709,301,301,0,0,0.0000,0.0000
4710,301,301,0,0,0.0000,0.0000
4711,301,301,0,0,0.0000,0.0000
4712,301,301,0,0,0.0000,0.0000
4713,301,301,0,0,0.0000,0.0000
4714,301,301,0,0,0.0000,0.0000
4715,301,301,0,0,0.0000,0.0000
4716,301,301,0,0,0.0000,0.0000
4717,301,301,0,0,0.0000,0.0000
4718,301,301,0,0,0.0000,0.0000
4719,301,301,0,0,0.0000,0.0000
4720,301,301,0,0,0.0000,0.0000
4721,301,301,0,0,0.0000,0.0000
4722,301,301,0,0,0.0000,0.0000
4723,301,301,0,0,0.0000,0.0000
4724,301,301,0,0,0.0000,0.0000
4725,301,301,0,0,0.0000,0.0000
4726,301,301,0,0,0.0000,0.0000
4727,301,301,0,0,0.0000,0.0000
4728,301,301,0,0,0.0000,0.0000
4729,301,301,0,0,0.0000,0.0000
4730,301,301,0,0,0.0000,0.0000
4731,301,301,0,0,0.0000,0.0000
4732,301,301,0,0,0.0000,0.0000
4733,301,301,0,0,0.0000,0.0000
4734,301,301,0,0,0.0000,0.0000
4735,301,301,0,0,0.0000,0.0000
4736,301,301,0,0,0.0000,0.0000
4737,301,301,0,0,0.0000,0.0000
4738,301,301,0,0,0.0000,0.0000
4739,301,301,0,0,0.0000,0.0000
4740,301,301,0,0,0.0000,0.0000
4741,301,301,0,0,0.0000,0.0000
4742,301,301,0,0,0.0000,0.0000
4743,301,301,0,0,0.0000,0.0000
4744,301,301,0,0,0.0000,0.0000
4745,301,301,0,0,0.0000,0.0000
4746,301,301,0,0,0.0000,0.0000
4747,301,301,0,0,0.0000,0.0000
4748,301,301,0,0,0.0000,0.0000
4749,301,301,0,0,0.0000,0.0000
4750,301,301,0,0,0.0000,0.0000
4751,299,299,0,0,0.0000,0.0000
4752,300,300,0,0,0.0000,0.0000
4753,300,300,0,0,0.0000,0.0000
4754,300,300,0,0,0.0000,0.0000
4755,300,300,0,0,0.0000,0.0000
4756,300,300,0,0,0.0000,0.0000
4757,300,300,0,0,0.0000,0.0000
4758,300,300,0,0,0.0000,0.0000
4759,300,300,0,0,0.0000,0.0000
4760,300,300,0,0,0.0000,0.0000
4761,300,300,0,0,0.0000,0.0000
4762,300,300,0,0,0.0000,0.0000
4763,300,300,0,0,0.0000,0.0000
4764,300,300,0,0,0.0000,0.0000
4765,300,300,0,0,0.0000,0.0000
4766,295,295,0,0,0.0000,0.0000
4767,298,298,0,0,0.0000,0.0000
4768,305,305,0,0,0.0000,0.0000
4769,305,305,0,0,0.0000,0.0000
4770,305,305,0,0,0.0000,0.0000
4771,305,305,0,0,0.0000,0.0000
4772,305,305,0,0,0.0000,0.0000
4773,305,305,0,0,0.0000,0.0000
4774,305,305,0,0,0.0000,0.0000
4775,305,305,0,0,0.0000,0.0000
4776,305,305,0,0,0.0000,0.0000
4777,305,305,0,0,0.0000,0.0000
4778,305,305,0,0,0.0000,0.0000
4779,305,305,0,0,0.0000,0.0000
4780,305,305,0,0,0.0000,0.0000
4781,305,305,0,0,0.0000,0.0000
4782,305,305,0,0,0.0000,0.0000
4783,305,305,0,0,0.0000,0.0000
4784,305,305,0,0,0.0000,0.0000
4785,305,305,0,0,0.0000,0.0000
4786,305,305,0,0,0.0000,0.0000
4787,305,305,0,0,0.0000,0.0000
4788,305,305,0,0,0.0000,0.0000
4789,305,305,0,0,0.0000,0.0000
4790,305,305,0,0,0.0000,0.0000
4791,305,305,0,0,0.0000,0.0000
4792,305,305,0,0,0.0000,0.0000
4793,305,305,0,0,0.0000,0.0000
4794,305,305,0,0,0.0000,0.0000
4795,305,305,0,0,0.0000,0.0000
4796,305,305,0,0,0.0000,0.0000
4797,305,305,0,0,0.0000,0.0000
4798,305,305,0,0,0.0000,0.0000
4799,305,305,0,0,0.0000,0.0000
4800,305,305,0,0,0.0000,0.0000
4801,305,305,0,0,0.0000,0.0000
4802,305,305,0,0,0.0000,0.0000
4803,305,305,0,0,0.0000,0.0000
4804,305,305,0,0,0.0000,0.0000
4805,305,305,0,0,0.0000,0.0000
4806,305,305,0,0,0.0000,0.0000
4807,305,305,0,0,0.0000,0.0000
4808,305,305,0,0,0.0000,0.0000
4809,305,305,0,0,0.0000,0.0000
4810,305,305,0,0,0.0000,0.0000
4811,305,305,0,0,0.0000,0.0000
4812,305,305,0,0,0.0000,0.0000
4813,305,305,0,0,0.0000,0.0000
4814,305,305,0,0,0.0000,0.0000
4815,305,305,0,0,0.0000,0.0000
4816,305,305,0,0,0.0000,0.0000
4817,305,305,0,0,0.0000,0.0000
4818,305,305,0,0,0.0000,0.0000
4819,305,305,0,0,0.0000,0.0000
4820,305,305,0,0,0.0000,0.0000
4821,305,305,0,0,0.0000,0.0000
4822,305,305,0,0,0.0000,0.0000
4823,305,305,0,0,0.0000,0.0000
4824,305,305,0,0,0.0000,0.0000
4825,305,305,0,0,0.0000,0.0000
4826,305,305,0,0,0.0000,0.0000
4827,305,305,0,0,0.0000,0.0000
4828,305,305,0,0,0.0000,0.0000
4829,305,305,0,0,0.0000,0.0000
4830,305,305,0,0,0.0000,0.0000
4831,305,305,0,0,0.0000,0.0000
4832,305,305,0,0,0.0000,0.0000
4833,305,305,0,0,0.0000,0.0000
4834,305,305,0,0,0.0000,0.0000
4835,305,305,0,0,0.0000,0.0000
4836,305,305,0,0,0.0000,0.0000
4837,305,305,0,0,0.0000,0.0000
4838,305,305,0,0,0.0000,0.0000
4839,305,305,0,0,0.0000,0.0000
4840,305,305,0,0,0.0000,0.0000
4841,305,305,0,0,0.0000,0.0000
4842,305,305,0,0,0.0000,0.0000
4843,305,305,0,0,0.0000,0.0000
4844,305,305,0,0,0.0000,0.0000
4845,305,305,0,0,0.0000,0.0000
4846,305,305,0,0,0.0000,0.0000
4847,305,305,0,0,0.0000,0.0000
4848,305,305,0,0,0.0000,0.0000
4849,305,305,0,0,0.0000,0.0000
4850,305,305,0,0,0.0000,0.0000
4851,305,305,0,0,0.0000,0.0000
4852,305,305,0,0,0.0000,0.0000
4853,305,305,0,0,0.0000,0.0000
4854,305,305,0,0,0.0000,0.0000
4855,305,305,0,0,0.0000,0.0000
4856,305,305,0,0,0.0000,0.0000
4857,305,305,0,0,0.0000,0.0000
4858,305,305,0,0,0.0000,0.0000
4859,305,305,0,0,0.0000,0.0000
4860,305,305,0,0,0.0000,0.0000
4861,305,305,0,0,0.0000,0.0000
4862,305,305,0,0,0.0000,0.0000
4863,305,305,0,0,0.0000,0.0000
4864,305,305,0,0,0.0000,0.0000
4865,305,305,0,0,0.0000,0.0000
4866,305,305,0,0,0.0000,0.0000
4867,305,305,0,0,0.0000,0.0000
4868,305,305,0,0,0.0000,0.0000
4869,305,305,0,0,0.0000,0.0000
4870,305,305,0,0,0.0000,0.0000
4871,305,305,0,0,0.0000,0.0000
4872,305,305,0,0,0.0000,0.0000
4873,305,305,0,0,0.0000,0.0000
4874,305,305,0,0,0.0000,0.0000
4875,305,305,0,0,0.0000,0.0000
4876,305,305,0,0,0.0000,0.0000
4877,305,305,0,0,0.0000,0.0000
4878,305,305,0,0,0.0000,0.0000
4879,305,305,0,0,0.0000,0.0000
4880,305,305,0,0,0.0000,0.0000
4881,305,305,0,0,0.0000,0.0000
4882,302,302,0,0,0.0000,0.0000
4883,302,302,0,0,0.0000,0.0000
4884,302,302,0,0,0.0000,0.0000
4885,302,302,0,0,0.0000,0.0000
4886,302,302,0,0,0.0000,0.0000
4887,302,302,0,0,0.0000,0.0000
4888,302,302,0,0,0.0000,0.0000
4889,302,302,0,0,0.0000,0.0000
4890,302,302,0,0,0.0000,0.0000
4891,302,302,0,0,0.0000,0.0000
4892,302,302,0,0,0.0000,0.0000
4893,302,302,0,0,0.0000,0.0000
4894,302,302,0,0,0.0000,0.0000
4895,302,302,0,0,0.0000,0.0000
4896,302,302,0,0,0.0000,0.0000
4897,302,302,0,0,0.0000,0.0000
4898,302,302,0,0,0.0000,0.0000
4899,302,302,0,0,0.0000,0.0000
4900,302,302,0,0,0.0000,0.0000
4901,302,302,0,0,0.0000,0.0000
4902,302,302,0,0,0.0000,0.0000
4903,302,302,0,0,0.0000,0.0000
4904,302,302,0,0,0.0000,0.0000
4905,302,302,0,0,0.0000,0.0000
4906,302,302,0,0,0.0000,0.0000
4907,302,302,0,0,0.0000,0.0000
4908,302,302,0,0,0.0000,0.0000
4909,302,302,0,0,0.0000,0.0000
4910,302,302,0,0,0.0000,0.0000
4911,302,302,0,0,0.0000,0.0000
4912,302,302,0,0,0.0000,0.0000
4913,302,302,0,0,0.0000,0.0000
4914,302,302,0,0,0.0000,0.0000
4915,302,302,0,0,0.0000,0.0000
4916,302,302,0,0,0.0000,0.0000
4917,302,302,0,0,0.0000,0.0000
4918,302,302,0,0,0.0000,0.0000
4919,302,302,0,0,0.0000,0.0000
4920,302,302,0,0,0.0000,0.0000
4921,302,302,0,0,0.0000,0.0000
4922,302,302,0,0,0.0000,0.0000
4923,302,302,0,0,0.0000,0.0000
4924,302,302,0,0,0.0000,0.0000
4925,302,302,0,0,0.0000,0.0000
4926,302,302,0,0,0.0000,0.0000
4927,302,302,0,0,0.0000,0.0000
4928,302,302,0,0,0.0000,0.0000
4929,302,302,0,0,0.0000,0.0000
4930,302,302,0,0,0.0000,0.0000
4931,302,302,0,0,0.0000,0.0000
4932,302,302,0,0,0.0000,0.0000
4933,302,302,0,0,0.0000,0.0000
4934,302,302,0,0,0.0000,0.0000
4935,302,302,0,0,0.0000,0.0000
4936,302,302,0,0,0.0000,0.0000
4937,302,302,0,0,0.0000,0.0000
4938,302,302,0,0,0.0000,0.0000
4939,302,302,0,0,0.0000,0.0000
4940,302,302,0,0,0.0000,0.0000
4941,302,302,0,0,0.0000,0.0000
4942,302,302,0,0,0.0000,0.0000
4943,302,302,0,0,0.0000,0.0000
4944,302,302,0,0,0.0000,0.0000
4945,301,301,0,0,0.0000,0.0000
4946,301,301,0,0,0.0000,0.0000
4947,301,301,0,0,0.0000,0.0000
4948,301,301,0,0,0.0000,0.0000
4949,301,301,0,0,0.0000,0.0000
4950,301,301,0,0,0.0000,0.0000
4951,301,301,0,0,0.0000,0.0000
4952,301,301,0,0,0.0000,0.0000
4953,301,301,0,0,0.0000,0.0000
4954,301,301,0,0,0.0000,0.0000
4955,301,301,0,0,0.0000,0.0000
4956,297,297,0,0,0.0000,0.0000
4957,300,300,0,0,0.0000,0.0000
4958,300,300,0,0,0.0000,0.0000
4959,300,300,0,0,0.0000,0.0000
4960,300,300,0,0,0.0000,0.0000
4961,300,300,0,0,0.0000,0.0000
4962,300,300,0,0,0.0000,0.0000
4963,300,300,0,0,0.0000,0.0000
4964,300,300,0,0,0.0000,0.0000
4965,300,300,0,0,0.0000,0.0000
4966,300,300,0,0,0.0000,0.0000
4967,300,300,0,0,0.0000,0.0000
4968,300,300,0,0,0.0000,0.0000
4969,300,300,0,0,0.0000,0.0000
4970,300,300,0,0,0.0000,0.0000
4971,300,300,0,0,0.0000,0.0000
4972,300,300,0,0,0.0000,0.0000
4973,300,300,0,0,0.0000,0.0000
4974,300,300,0,0,0.0000,0.0000
4975,300,300,0,0,0.0000,0.0000
4976,300,300,0,0,0.0000,0.0000
4977,300,300,0,0,0.0000,0.0000
4978,300,300,0,0,0.0000,0.0000
4979,300,300,0,0,0.0000,0.0000
4980,300,300,0,0,0.0000,0.0000
4981,300,300,0,0,0.0000,0.0000
4982,300,300,0,0,0.0000,0.0000
4983,300,300,0,0,0.0000,0.0000
4984,300,300,0,0,0.0000,0.0000
4985,300,300,0,0,0.0000,0.0000
4986,300,300,0,0,0.0000,0.0000
4987,300,300,0,0,0.0000,0.0000
4988,300,300,0,0,0.0000,0.0000
4989,300,300,0,0,0.0000,0.0000
4990,300,300,0,0,0.0000,0.0000
4991,300,300,0,0,0.0000,0.0000
4992,300,300,0,0,0.0000,0.0000
4993,300,300,0,0,0.0000,0.0000
4994,300,300,0,0,0.0000,0.0000
4995,300,300,0,0,0.0000,0.0000
4996,300,300,0,0,0.0000,0.0000
4997,300,300,0,0,0.0000,0.0000
4998,300,300,0,0,0.0000,0.0000
4999,300,300,0,0,0.0000,0.0000
5000,300,300,0,0,0.0000,0.0000
5001,300,300,0,0,0.0000,0.0000
5002,300,300,0,0,0.0000,0.0000
5003,300,300,0,0,0.0000,0.0000
5004,300,300,0,0,0.0000,0.0000
5005,300,300,0,0,0.0000,0.0000
5006,300,300,0,0,0.0000,0.0000
5007,300,300,0,0,0.0000,0.0000
5008,300,300,0,0,0.0000,0.0000
5009,300,300,0,0,0.0000,0.0000
5010,300,300,0,0,0.0000,0.0000
5011,300,300,0,0,0.0000,0.0000
5012,300,300,0,0,0.0000,0.0000
5013,300,300,0,0,0.0000,0.0000
5014,300,300,0,0,0.0000,0.0000
5015,300,300,0,0,0.0000,0.0000
5016,300,300,0,0,0.0000,0.0000
5017,300,300,0,0,0.0000,0.0000
5018,300,300,0,0,0.0000,0.0000
5019,300,300,0,0,0.0000,0.0000
5020,300,300,0,0,0.0000,0.0000
5021,300,300,0,0,0.0000,0.0000
5022,300,300,0,0,0.0000,0.0000
5023,297,297,0,0,0.0000,0.0000
5024,298,298,0,0,0.0000,0.0000
5025,299,299,0,0,0.0000,0.0000
5026,305,305,0,0,0.0000,0.0000
5027,305,305,0,0,0.0000,0.0000
5028,305,305,0,0,0.0000,0.0000
5029,305,305,0,0,0.0000,0.0000
5030,305,305,0,0,0.0000,0.0000
5031,305,305,0,0,0.0000,0.0000
5032,305,305,0,0,0.0000,0.0000
5033,305,305,0,0,0.0000,0.0000
5034,305,305,0,0,0.0000,0.0000
5035,305,305,0,0,0.0000,0.0000
5036,305,305,0,0,0.0000,0.0000
5037,305,305,0,0,0.0000,0.0000
5038,305,305,0,0,0.0000,0.0000
5039,305,305,0,0,0.0000,0.0000
5040,305,305,0,0,0.0000,0.0000
5041,305,305,0,0,0.0000,0.0000
5042,305,305,0,0,0.0000,0.0000
5043,305,305,0,0,0.0000,0.0000
5044,305,305,0,0,0.0000,0.0000
5045,305,305,0,0,0.0000,0.0000
5046,305,305,0,0,0.0000,0.0000
5047,305,305,0,0,0.0000,0.0000
5048,305,305,0,0,0.0000,0.0000
5049,305,305,0,0,0.0000,0.0000
5050,305,305,0,0,0.0000,0.0000
5051,305,305,0,0,0.0000,0.0000
5052,305,305,0,0,0.0000,0.0000
5053,305,305,0,0,0.0000,0.0000
5054,305,305,0,0,0.0000,0.0000
5055,305,305,0,0,0.0000,0.0000
5056,305,305,0,0,0.0000,0.0000
5057,305,305,0,0,0.0000,0.0000
5058,305,305,0,0,0.0000,0.0000
5059,305,305,0,0,0.0000,0.0000
5060,305,305,0,0,0.0000,0.0000
5061,305,305,0,0,0.0000,0.0000
5062,305,305,0,0,0.0000,0.0000
5063,305,305,0,0,0.0000,0.0000
5064,305,305,0,0,0.0000,0.0000
5065,305,305,0,0,0.0000,0.0000
5066,305,305,0,0,0.0000,0.0000
5067,305,305,0,0,0.0000,0.0000
5068,305,305,0,0,0.0000,0.0000
5069,305,305,0,0,0.0000,0.0000
5070,305,305,0,0,0.0000,0.0000
5071,305,305,0,0,0.0000,0.0000
5072,305,305,0,0,0.0000,0.0000
5073,305,305,0,0,0.0000,0.0000
5074,305,305,0,0,0.0000,0.0000
5075,305,305,0,0,0.0000,0.0000
5076,305,305,0,0,0.0000,0.0000
5077,305,305,0,0,0.0000,0.0000
5078,305,305,0,0,0.0000,0.0000
5079,305,305,0,0,0.0000,0.0000
5080,305,305,0,0,0.0000,0.0000
5081,305,305,0,0,0.0000,0.0000
5082,305,305,0,0,0.0000,0.0000
5083,305,305,0,0,0.0000,0.0000
5084,305,305,0,0,0.0000,0.0000
5085,305,305,0,0,0.0000,0.0000
5086,305,305,0,0,0.0000,0.0000
5087,305,305,0,0,0.0000,0.0000
5088,305,305,0,0,0.0000,0.0000
5089,305,305,0,0,0.0000,0.0000
5090,305,305,0,0,0.0000,0.0000
5091,305,305,0,0,0.0000,0.0000
5092,305,305,0,0,0.0000,0.0000
5093,305,305,0,0,0.0000,0.0000
5094,305,305,0,0,0.0000,0.0000
5095,305,305,0,0,0.0000,0.0000
5096,305,305,0,0,0.0000,0.0000
5097,305,305,0,0,0.0000,0.0000
5098,305,305,0,0,0.0000,0.0000
5099,305,305,0,0,0.0000,0.0000
5100,305,305,0,0,0.0000,0.0000
5101,305,305,0,0,0.0000,0.0000
5102,305,305,0,0,0.0000,0.0000
5103,305,305,0,0,0.0000,0.0000
5104,305,305,0,0,0.0000,0.0000
5105,305,305,0,0,0.0000,0.0000
5106,305,305,0,0,0.0000,0.0000
5107,305,305,0,0,0.0000,0.0000
5108,305,305,0,0,0.0000,0.0000
5109,300,300,0,0,0.0000,0.0000
5110,300,300,0,0,0.0000,0.0000
5111,300,300,0,0,0.0000,0.0000
5112,300,300,0,0,0.0000,0.0000
5113,300,300,0,0,0.0000,0.0000
5114,300,300,0,0,0.0000,0.0000
5115,300,300,0,0,0.0000,0.0000
5116,300,300,0,0,0.0000,0.0000
5117,300,300,0,0,0.0000,0.0000
5118,300,300,0,0,0.0000,0.0000
5119,300,300,0,0,0.0000,0.0000
5120,300,300,0,0,0.0000,0.0000
5121,300,300,0,0,0.0000,0.0000
5122,300,300,0,0,0.0000,0.0000
5123,300,300,0,0,0.0000,0.0000
5124,300,300,0,0,0.0000,0.0000
5125,300,300,0,0,0.0000,0.0000
5126,300,300,0,0,0.0000,0.0000
5127,300,300,0,0,0.0000,0.0000
5128,300,300,0,0,0.0000,0.0000
5129,300,300,0,0,0.0000,0.0000
5130,300,300,0,0,0.0000,0.0000
5131,300,300,0,0,0.0000,0.0000
5132,300,300,0,0,0.0000,0.0000
5133,300,300,0,0,0.0000,0.0000
5134,300,300,0,0,0.0000,0.0000
5135,300,300,0,0,0.0000,0.0000
5136,300,300,0,0,0.0000,0.0000
5137,300,300,0,0,0.0000,0.0000
5138,300,300,0,0,0.0000,0.0000
5139,300,300,0,0,0.0000,0.0000
5140,300,300,0,0,0.0000,0.0000
5141,300,300,0,0,0.0000,0.0000
5142,300,300,0,0,0.0000,0.0000
5143,300,300,0,0,0.0000,0.0000
5144,300,300,0,0,0.0000,0.0000
5145,300,300,0,0,0.0000,0.0000
5146,300,300,0,0,0.0000,0.0000
5147,300,300,0,0,0.0000,0.0000
5148,300,300,0,0,0.0000,0.0000
5149,300,300,0,0,0.0000,0.0000
5150,300,300,0,0,0.0000,0.0000
5151,300,300,0,0,0.0000,0.0000
5152,300,300,0,0,0.0000,0.0000
5153,300,300,0,0,0.0000,0.0000
5154,300,300,0,0,0.0000,0.0000
5155,300,300,0,0,0.0000,0.0000
5156,300,300,0,0,0.0000,0.0000
5157,300,300,0,0,0.0000,0.0000
5158,300,300,0,0,0.0000,0.0000
5159,300,300,0,0,0.0000,0.0000
5160,300,300,0,0,0.0000,0.0000
5161,300,300,0,0,0.0000,0.0000
5162,300,300,0,0,0.0000,0.0000
5163,300,300,0,0,0.0000,0.0000
5164,300,300,0,0,0.0000,0.0000
5165,300,300,0,0,0.0000,0.0000
5166,300,300,0,0,0.0000,0.0000
5167,300,300,0,0,0.0000,0.0000
5168,300,300,0,0,0.0000,0.0000
5169,300,300,0,0,0.0000,0.0000
5170,300,300,0,0,0.0000,0.0000
5171,300,300,0,0,0.0000,0.0000
5172,300,300,0,0,0.0000,0.0000
5173,300,300,0,0,0.0000,0.0000
5174,300,300,0,0,0.0000,0.0000
5175,300,300,0,0,0.0000,0.0000
5176,300,300,0,0,0.0000,0.0000
5177,300,300,0,0,0.0000,0.0000
5178,300,300,0,0,0.0000,0.0000
5179,300,300,0,0,0.0000,0.0000
5180,300,300,0,0,0.0000,0.0000
5181,297,297,0,0,0.0000,0.0000
5182,302,302,0,0,0.0000,0.0000
5183,302,302,0,0,0.0000,0.0000
5184,302,302,0,0,0.0000,0.0000
5185,302,302,0,0,0.0000,0.0000
5186,302,302,0,0,0.0000,0.0000
5187,302,302,0,0,0.0000,0.0000
5188,302,302,0,0,0.0000,0.0000
5189,302,302,0,0,0.0000,0.0000
5190,302,302,0,0,0.0000,0.0000
5191,302,302,0,0,0.0000,0.0000
5192,302,302,0,0,0.0000,0.0000
5193,302,302,0,0,0.0000,0.0000
5194,302,302,0,0,0.0000,0.0000
5195,302,302,0,0,0.0000,0.0000
5196,302,302,0,0,0.0000,0.0000
5197,302,302,0,0,0.0000,0.0000
5198,302,302,0,0,0.0000,0.0000
5199,302,302,0,0,0.0000,0.0000
5200,302,302,0,0,0.0000,0.0000
