tick,total,susceptible,infected,immune,pct_infected,pct_immune
0,150,140,10,0,6.6667,0.0000
1,150,139,11,0,7.3333,0.0000
2,150,138,12,0,8.0000,0.0000
3,154,141,13,0,8.4416,0.0000
4,155,141,14,0,9.0323,0.0000
5,156,141,15,0,9.6154,0.0000
6,156,141,15,0,9.6154,0.0000
7,158,140,18,0,11.3924,0.0000
8,160,141,19,0,11.8750,0.0000
9,163,144,19,0,11.6564,0.0000
10,164,145,19,0,11.5854,0.0000
11,164,144,20,0,12.1951,0.0000
12,168,148,20,0,11.9048,0.0000
13,168,145,23,0,13.6905,0.0000
14,168,144,24,0,14.2857,0.0000
15,170,143,27,0,15.8824,0.0000
16,172,139,33,0,19.1860,0.0000
17,172,137,35,0,20.3488,0.0000
18,171,136,35,0,20.4678,0.0000
19,174,137,37,0,21.2644,0.0000
20,174,137,37,0,21.2644,0.0000
21,168,137,26,5,15.4762,2.9762
22,170,136,29,5,17.0588,2.9412
23,173,133,34,6,19.6532,3.4682
24,173,131,35,7,20.2312,4.0462
25,172,129,35,8,20.3488,4.6512
26,173,128,37,8,21.3873,4.6243
27,174,129,35,10,20.1149,5.7471
28,174,128,36,10,20.6897,5.7471
29,176,129,36,11,20.4545,6.2500
30,177,125,41,11,23.1638,6.2147
31,177,122,43,12,24.2938,6.7797
32,179,122,45,12,25.1397,6.7039
33,179,117,49,13,27.3743,7.2626
34,179,116,49,14,27.3743,7.8212
35,182,116,51,15,28.0220,8.2418
36,179,113,49,17,27.3743,9.4972
37,177,112,46,19,25.9887,10.7345
38,176,109,48,19,27.2727,10.7955
39,179,109,50,20,27.9330,11.1732
40,181,111,49,21,27.0718,11.6022
41,181,107,53,21,29.2818,11.6022
42,182,105,55,22,30.2198,12.0879
43,181,106,52,23,28.7293,12.7072
44,179,104,48,27,26.8156,15.0838
45,181,103,50,28,27.6243,15.4696
46,180,102,49,29,27.2222,16.1111
47,184,105,49,30,26.6304,16.3043
48,186,102,53,31,28.4946,16.6667
49,184,99,54,31,29.3478,16.8478
50,184,99,53,32,28.8043,17.3913
51,183,93,57,33,31.1475,18.0328
52,181,91,56,34,30.9392,18.7845
53,181,90,56,35,30.9392,19.3370
54,178,89,52,37,29.2135,20.7865
55,181,90,53,38,29.2818,20.9945
56,181,91,50,40,27.6243,22.0994
57,180,89,50,41,27.7778,22.7778
58,179,88,50,41,27.9330,22.9050
59,182,86,52,44,28.5714,24.1758
60,181,83,53,45,29.2818,24.8619
61,181,81,55,45,30.3867,24.8619
62,180,83,48,49,26.6667,27.2222
63,182,83,50,49,27.4725,26.9231
64,183,82,51,50,27.8689,27.3224
65,182,80,52,50,28.5714,27.4725
66,180,80,49,51,27.2222,28.3333
67,183,82,48,53,26.2295,28.9617
68,183,83,46,54,25.1366,29.5082
69,182,81,46,55,25.2747,30.2198
70,184,82,46,56,25.0000,30.4348
71,182,83,41,58,22.5275,31.8681
72,179,82,38,59,21.2291,32.9609
73,177,85,37,55,20.9040,31.0734
74,177,85,37,55,20.9040,31.0734
75,179,85,39,55,21.7877,30.7263
76,181,87,38,56,20.9945,30.9392
77,181,89,36,56,19.8895,30.9392
78,183,91,35,57,19.1257,31.1475
79,182,93,33,56,18.1319,30.7692
80,180,92,31,57,17.2222,31.6667
81,179,94,27,58,15.0838,32.4022
82,180,93,29,58,16.1111,32.2222
83,180,93,30,57,16.6667,31.6667
84,182,92,31,59,17.0330,32.4176
85,182,94,28,60,15.3846,32.9670
86,182,95,28,59,15.3846,32.4176
87,182,96,27,59,14.8352,32.4176
88,182,98,27,57,14.8352,31.3187
89,181,99,24,58,13.2597,32.0442
90,179,99,22,58,12.2905,32.4022
91,180,101,22,57,12.2222,31.6667
92,183,105,22,56,12.0219,30.6011
93,184,106,21,57,11.4130,30.9783
94,183,106,20,57,10.9290,31.1475
95,185,109,20,56,10.8108,30.2703
96,186,114,19,53,10.2151,28.4946
97,187,117,18,52,9.6257,27.8075
98,187,119,17,51,9.0909,27.2727
99,189,121,18,50,9.5238,26.4550
100,189,120,20,49,10.5820,25.9259
101,190,118,22,50,11.5789,26.3158
102,189,118,22,49,11.6402,25.9259
103,189,120,21,48,11.1111,25.3968
104,191,123,19,49,9.9476,25.6545
105,190,124,17,49,8.9474,25.7895
106,193,128,17,48,8.8083,24.8705
107,193,128,18,47,9.3264,24.3523
108,195,131,19,45,9.7436,23.0769
109,196,132,21,43,10.7143,21.9388
110,198,133,22,43,11.1111,21.7172
111,199,135,24,40,12.0603,20.1005
112,203,139,25,39,12.3153,19.2118
113,207,142,26,39,12.5604,18.8406
114,207,146,25,36,12.0773,17.3913
115,208,147,25,36,12.0192,17.3077
116,209,148,25,36,11.9617,17.2249
117,208,148,25,35,12.0192,16.8269
118,208,146,28,34,13.4615,16.3462
119,207,148,27,32,13.0435,15.4589
120,207,150,24,33,11.5942,15.9420
121,208,153,22,33,10.5769,15.8654
122,207,152,23,32,11.1111,15.4589
123,208,154,24,30,11.5385,14.4231
124,210,154,27,29,12.8571,13.8095
125,215,157,30,28,13.9535,13.0233
126,216,155,32,29,14.8148,13.4259
127,216,156,32,28,14.8148,12.9630
128,220,161,33,26,15.0000,11.8182
129,219,160,34,25,15.5251,11.4155
130,220,160,34,26,15.4545,11.8182
131,220,160,34,26,15.4545,11.8182
132,221,161,34,26,15.3846,11.7647
133,223,160,38,25,17.0404,11.2108
134,224,158,39,27,17.4107,12.0536
135,228,159,42,27,18.4211,11.8421
136,230,161,44,25,19.1304,10.8696
137,233,163,46,24,19.7425,10.3004
138,236,163,47,26,19.9153,11.0169
139,235,160,50,25,21.2766,10.6383
140,239,158,56,25,23.4310,10.4603
141,240,159,58,23,24.1667,9.5833
142,242,153,66,23,27.2727,9.5041
143,241,150,66,25,27.3859,10.3734
144,242,150,67,25,27.6860,10.3306
145,243,148,68,27,27.9835,11.1111
146,244,146,70,28,28.6885,11.4754
147,243,138,76,29,31.2757,11.9342
148,244,137,77,30,31.5574,12.2951
149,243,131,81,31,33.3333,12.7572
150,242,130,79,33,32.6446,13.6364
151,244,125,85,34,34.8361,13.9344
152,247,122,90,35,36.4372,14.1700
153,246,123,87,36,35.3659,14.6341
154,246,121,88,37,35.7724,15.0407
155,245,114,91,40,37.1429,16.3265
156,246,113,94,39,38.2114,15.8537
157,247,108,99,40,40.0810,16.1943
158,246,106,100,40,40.6504,16.2602
159,245,104,98,43,40.0000,17.5510
160,247,104,94,49,38.0567,19.8381
161,246,94,102,50,41.4634,20.3252
162,246,91,104,51,42.2764,20.7317
163,246,87,101,58,41.0569,23.5772
164,248,85,105,58,42.3387,23.3871
165,247,83,105,59,42.5101,23.8866
166,246,78,104,64,42.2764,26.0163
167,245,74,102,69,41.6327,28.1633
168,244,71,101,72,41.3934,29.5082
169,244,71,99,74,40.5738,30.3279
170,241,67,99,75,41.0788,31.1203
171,243,64,101,78,41.5638,32.0988
172,243,67,94,82,38.6831,33.7449
173,243,66,95,82,39.0947,33.7449
174,242,64,96,82,39.6694,33.8843
175,239,63,92,84,38.4937,35.1464
176,240,66,85,89,35.4167,37.0833
177,237,67,79,91,33.3333,38.3966
178,235,66,78,91,33.1915,38.7234
179,234,62,78,94,33.3333,40.1709
180,233,60,77,96,33.0472,41.2017
181,230,57,75,98,32.6087,42.6087
182,230,59,71,100,30.8696,43.4783
183,229,61,67,101,29.2576,44.1048
184,227,65,61,101,26.8722,44.4934
185,225,65,57,103,25.3333,45.7778
186,225,67,55,103,24.4444,45.7778
187,221,65,50,106,22.6244,47.9638
188,221,66,47,108,21.2670,48.8688
189,223,68,46,109,20.6278,48.8789
190,220,70,43,107,19.5455,48.6364
191,224,74,40,110,17.8571,49.1071
192,223,74,35,114,15.6951,51.1211
193,222,73,34,115,15.3153,51.8018
194,219,73,30,116,13.6986,52.9680
195,220,76,29,115,13.1818,52.2727
196,224,79,30,115,13.3929,51.3393
197,225,83,30,112,13.3333,49.7778
198,226,87,27,112,11.9469,49.5575
199,224,88,23,113,10.2679,50.4464
200,228,96,20,112,8.7719,49.1228
201,227,97,19,111,8.3700,48.8987
202,224,99,13,112,5.8036,50.0000
203,225,101,12,112,5.3333,49.7778
204,228,106,11,111,4.8246,48.6842
205,231,111,11,109,4.7619,47.1861
206,231,112,11,108,4.7619,46.7532
207,233,116,10,107,4.2918,45.9227
208,235,118,10,107,4.2553,45.5319
209,238,124,9,105,3.7815,44.1176
210,238,125,9,104,3.7815,43.6975
211,241,130,10,101,4.1494,41.9087
212,244,139,10,95,4.0984,38.9344
213,246,140,11,95,4.4715,38.6179
214,248,143,11,94,4.4355,37.9032
215,249,152,10,87,4.0161,34.9398
216,252,154,11,87,4.3651,34.5238
217,255,158,10,87,3.9216,34.1176
218,257,165,11,81,4.2802,31.5175
219,257,170,11,76,4.2802,29.5720
220,258,175,11,72,4.2636,27.9070
221,258,177,11,70,4.2636,27.1318
222,263,182,12,69,4.5627,26.2357
223,270,191,13,66,4.8148,24.4444
224,274,202,12,60,4.3796,21.8978
225,279,206,14,59,5.0179,21.1470
226,281,207,15,59,5.3381,20.9964
227,281,208,16,57,5.6940,20.2847
228,283,216,15,52,5.3004,18.3746
229,286,216,19,51,6.6434,17.8322
230,292,221,20,51,6.8493,17.4658
231,294,225,21,48,7.1429,16.3265
232,298,229,23,46,7.7181,15.4362
233,299,227,27,45,9.0301,15.0502
234,304,234,27,43,8.8816,14.1447
235,304,230,33,41,10.8553,13.4868
236,304,227,36,41,11.8421,13.4868
237,304,224,41,39,13.4868,12.8289
238,304,223,44,37,14.4737,12.1711
239,304,222,47,35,15.4605,11.5132
240,304,221,50,33,16.4474,10.8553
241,304,220,53,31,17.4342,10.1974
242,304,218,54,32,17.7632,10.5263
243,304,218,57,29,18.7500,9.5395
244,303,218,60,25,19.8020,8.2508
245,303,212,66,25,21.7822,8.2508
246,303,203,75,25,24.7525,8.2508
247,301,195,81,25,26.9103,8.3056
248,301,188,88,25,29.2359,8.3056
249,299,181,91,27,30.4348,9.0301
250,298,174,99,25,33.2215,8.3893
251,299,169,106,24,35.4515,8.0268
252,302,167,112,23,37.0861,7.6159
253,300,157,119,24,39.6667,8.0000
254,297,158,118,21,39.7306,7.0707
255,296,148,127,21,42.9054,7.0946
256,296,143,131,22,44.2568,7.4324
257,296,135,136,25,45.9459,8.4459
258,298,131,139,28,46.6443,9.3960
259,298,123,146,29,48.9933,9.7315
260,297,118,150,29,50.5051,9.7643
261,298,106,161,31,54.0268,10.4027
262,295,101,163,31,55.2542,10.5085
263,294,97,165,32,56.1224,10.8844
264,295,89,172,34,58.3051,11.5254
265,291,87,167,37,57.3883,12.7148
266,289,83,167,39,57.7855,13.4948
267,284,82,160,42,56.3380,14.7887
268,279,75,158,46,56.6308,16.4875
269,279,73,158,48,56.6308,17.2043
270,277,68,157,52,56.6787,18.7726
271,274,65,151,58,55.1095,21.1679
272,272,63,148,61,54.4118,22.4265
273,266,66,134,66,50.3759,24.8120
274,268,68,132,68,49.2537,25.3731
275,266,66,129,71,48.4962,26.6917
276,264,65,121,78,45.8333,29.5455
277,258,59,116,83,44.9612,32.1705
278,257,58,113,86,43.9689,33.4630
279,254,56,109,89,42.9134,35.0394
280,250,55,99,96,39.6000,38.4000
281,247,51,97,99,39.2713,40.0810
282,239,48,88,103,36.8201,43.0962
283,239,48,86,105,35.9833,43.9331
284,236,47,79,110,33.4746,46.6102
285,236,48,77,111,32.6271,47.0339
286,233,50,73,110,31.3305,47.2103
287,232,48,71,113,30.6034,48.7069
288,231,47,67,117,29.0043,50.6494
289,229,48,64,117,27.9476,51.0917
290,228,50,56,122,24.5614,53.5088
291,226,50,54,122,23.8938,53.9823
292,228,53,51,124,22.3684,54.3860
293,232,54,50,128,21.5517,55.1724
294,234,54,53,127,22.6496,54.2735
295,238,57,51,130,21.4286,54.6218
296,236,56,49,131,20.7627,55.5085
297,235,57,46,132,19.5745,56.1702
298,236,59,42,135,17.7966,57.2034
299,235,56,42,137,17.8723,58.2979
300,238,59,41,138,17.2269,57.9832
301,241,64,39,138,16.1826,57.2614
302,242,64,36,142,14.8760,58.6777
303,241,64,35,142,14.5228,58.9212
304,240,64,34,142,14.1667,59.1667
305,241,65,34,142,14.1079,58.9212
306,241,66,33,142,13.6929,58.9212
307,243,72,30,141,12.3457,58.0247
308,244,72,31,141,12.7049,57.7869
309,252,84,29,139,11.5079,55.1587
310,253,87,29,137,11.4625,54.1502
311,257,92,31,134,12.0623,52.1401
312,260,98,29,133,11.1538,51.1538
313,261,100,28,133,10.7280,50.9579
314,260,102,24,134,9.2308,51.5385
315,261,102,26,133,9.9617,50.9579
316,263,105,26,132,9.8859,50.1901
317,266,113,24,129,9.0226,48.4962
318,266,116,23,127,8.6466,47.7444
319,266,118,21,127,7.8947,47.7444
320,266,122,20,124,7.5188,46.6165
321,267,123,23,121,8.6142,45.3184
322,271,131,22,118,8.1181,43.5424
323,271,137,20,114,7.3801,42.0664
324,275,145,19,111,6.9091,40.3636
325,275,151,18,106,6.5455,38.5455
326,277,155,18,104,6.4982,37.5451
327,277,158,18,101,6.4982,36.4621
328,277,166,17,94,6.1372,33.9350
329,284,176,19,89,6.6901,31.3380
330,284,176,22,86,7.7465,30.2817
331,289,183,21,85,7.2664,29.4118
332,292,190,23,79,7.8767,27.0548
333,294,194,24,76,8.1633,25.8503
334,299,204,22,73,7.3579,24.4147
335,304,209,24,71,7.8947,23.3553
336,304,213,23,68,7.5658,22.3684
337,303,213,24,66,7.9208,21.7822
338,303,211,27,65,8.9109,21.4521
339,302,213,27,62,8.9404,20.5298
340,302,218,27,57,8.9404,18.8742
341,301,214,29,58,9.6346,19.2691
342,300,216,30,54,10.0000,18.0000
343,300,214,32,54,10.6667,18.0000
344,300,215,33,52,11.0000,17.3333
345,300,217,35,48,11.6667,16.0000
346,299,213,38,48,12.7090,16.0535
347,300,212,43,45,14.3333,15.0000
348,300,210,45,45,15.0000,15.0000
349,300,207,49,44,16.3333,14.6667
350,298,205,51,42,17.1141,14.0940
351,302,204,58,40,19.2053,13.2450
352,302,199,63,40,20.8609,13.2450
353,301,191,70,40,23.2558,13.2890
354,301,187,78,36,25.9136,11.9601
355,301,180,85,36,28.2392,11.9601
356,300,174,89,37,29.6667,12.3333
357,300,169,95,36,31.6667,12.0000
358,297,163,97,37,32.6599,12.4579
359,298,163,99,36,33.2215,12.0805
360,299,162,102,35,34.1137,11.7057
361,301,159,107,35,35.5482,11.6279
362,299,148,115,36,38.4615,12.0401
363,298,142,120,36,40.2685,12.0805
364,298,139,121,38,40.6040,12.7517
365,300,132,131,37,43.6667,12.3333
366,298,128,134,36,44.9664,12.0805
367,296,123,134,39,45.2703,13.1757
368,294,118,136,40,46.2585,13.6054
369,290,113,137,40,47.2414,13.7931
370,288,104,141,43,48.9583,14.9306
371,284,106,136,42,47.8873,14.7887
372,284,105,131,48,46.1268,16.9014
373,284,105,128,51,45.0704,17.9577
374,280,102,124,54,44.2857,19.2857
375,277,106,116,55,41.8773,19.8556
376,275,95,121,59,44.0000,21.4545
377,271,94,117,60,43.1734,22.1402
378,270,88,119,63,44.0741,23.3333
379,273,84,123,66,45.0549,24.1758
380,272,80,123,69,45.2206,25.3676
381,270,77,122,71,45.1852,26.2963
382,270,76,119,75,44.0741,27.7778
383,270,77,115,78,42.5926,28.8889
384,267,75,112,80,41.9476,29.9625
385,262,75,103,84,39.3130,32.0611
386,260,75,99,86,38.0769,33.0769
387,257,68,100,89,38.9105,34.6304
388,257,69,100,88,38.9105,34.2412
389,251,68,93,90,37.0518,35.8566
390,248,66,91,91,36.6935,36.6935
391,246,65,88,93,35.7724,37.8049
392,246,64,87,95,35.3659,38.6179
393,244,61,89,94,36.4754,38.5246
394,241,59,85,97,35.2697,40.2490
395,242,58,88,96,36.3636,39.6694
396,243,61,82,100,33.7449,41.1523
397,245,62,78,105,31.8367,42.8571
398,244,56,81,107,33.1967,43.8525
399,241,52,76,113,31.5353,46.8880
400,242,53,72,117,29.7521,48.3471
401,240,53,66,121,27.5000,50.4167
402,240,54,65,121,27.0833,50.4167
403,240,56,63,121,26.2500,50.4167
404,239,58,58,123,24.2678,51.4644
405,239,59,56,124,23.4310,51.8828
406,240,60,55,125,22.9167,52.0833
407,243,64,54,125,22.2222,51.4403
408,240,64,49,127,20.4167,52.9167
409,242,66,48,128,19.8347,52.8926
410,242,65,48,129,19.8347,53.3058
411,241,64,46,131,19.0871,54.3568
412,240,62,47,131,19.5833,54.5833
413,238,61,47,130,19.7479,54.6218
414,239,63,47,129,19.6653,53.9749
415,240,65,43,132,17.9167,55.0000
416,243,66,46,131,18.9300,53.9095
417,242,65,46,131,19.0083,54.1322
418,239,66,41,132,17.1548,55.2301
419,239,67,40,132,16.7364,55.2301
420,240,66,40,134,16.6667,55.8333
421,243,69,40,134,16.4609,55.1440
422,246,75,39,132,15.8537,53.6585
423,244,77,37,130,15.1639,53.2787
424,246,85,38,123,15.4472,50.0000
425,246,87,39,120,15.8537,48.7805
426,247,91,40,116,16.1943,46.9636
427,247,94,39,114,15.7895,46.1538
428,249,97,42,110,16.8675,44.1767
429,251,101,40,110,15.9363,43.8247
430,251,104,38,109,15.1394,43.4263
431,255,111,37,107,14.5098,41.9608
432,253,112,36,105,14.2292,41.5020
433,252,114,34,104,13.4921,41.2698
434,255,121,32,102,12.5490,40.0000
435,255,124,33,98,12.9412,38.4314
436,255,123,37,95,14.5098,37.2549
437,254,127,33,94,12.9921,37.0079
438,254,131,32,91,12.5984,35.8268
439,255,134,32,89,12.5490,34.9020
440,257,138,29,90,11.2840,35.0195
441,258,142,28,88,10.8527,34.1085
442,260,144,28,88,10.7692,33.8462
443,261,146,29,86,11.1111,32.9502
444,263,148,31,84,11.7871,31.9392
445,265,150,30,85,11.3208,32.0755
446,265,151,33,81,12.4528,30.5660
447,269,151,36,82,13.3829,30.4833
448,269,156,33,80,12.2677,29.7398
449,272,161,36,75,13.2353,27.5735
450,274,158,42,74,15.3285,27.0073
451,274,157,49,68,17.8832,24.8175
452,275,159,51,65,18.5455,23.6364
453,278,164,54,60,19.4245,21.5827
454,280,165,57,58,20.3571,20.7143
455,280,163,59,58,21.0714,20.7143
456,284,173,56,55,19.7183,19.3662
457,284,172,58,54,20.4225,19.0141
458,284,168,63,53,22.1831,18.6620
459,287,165,70,52,24.3902,18.1185
460,289,165,74,50,25.6055,17.3010
461,290,165,76,49,26.2069,16.8966
462,293,165,80,48,27.3038,16.3823
463,292,166,80,46,27.3973,15.7534
464,297,164,87,46,29.2929,15.4882
465,300,159,94,47,31.3333,15.6667
466,297,149,101,47,34.0067,15.8249
467,300,151,103,46,34.3333,15.3333
468,300,142,110,48,36.6667,16.0000
469,300,130,121,49,40.3333,16.3333
470,299,121,127,51,42.4749,17.0569
471,294,122,121,51,41.1565,17.3469
472,292,117,124,51,42.4658,17.4658
473,290,114,125,51,43.1034,17.5862
474,287,108,127,52,44.2509,18.1185
475,291,106,131,54,45.0172,18.5567
476,289,94,140,55,48.4429,19.0311
477,292,94,142,56,48.6301,19.1781
478,287,89,138,60,48.0836,20.9059
479,286,83,141,62,49.3007,21.6783
480,285,79,142,64,49.8246,22.4561
481,285,79,141,65,49.4737,22.8070
482,284,79,140,65,49.2958,22.8873
483,286,78,141,67,49.3007,23.4266
484,284,77,140,67,49.2958,23.5915
485,286,76,137,73,47.9021,25.5245
486,281,77,128,76,45.5516,27.0463
487,278,74,124,80,44.6043,28.7770
488,277,75,121,81,43.6823,29.2419
489,272,76,110,86,40.4412,31.6176
490,267,78,97,92,36.3296,34.4569
491,264,77,96,91,36.3636,34.4697
492,263,77,95,91,36.1217,34.6008
493,261,69,97,95,37.1648,36.3985
494,258,69,91,98,35.2713,37.9845
495,257,69,87,101,33.8521,39.2996
496,253,71,78,104,30.8300,41.1067
497,249,71,74,104,29.7189,41.7671
498,250,69,75,106,30.0000,42.4000
499,250,73,69,108,27.6000,43.2000
500,248,72,67,109,27.0161,43.9516
501,246,71,65,110,26.4228,44.7154
502,245,71,63,111,25.7143,45.3061
503,244,71,62,111,25.4098,45.4918
504,245,75,61,109,24.8980,44.4898
505,244,74,57,113,23.3607,46.3115
506,247,76,56,115,22.6721,46.5587
507,247,76,56,115,22.6721,46.5587
508,248,77,53,118,21.3710,47.5806
509,249,81,49,119,19.6787,47.7912
510,247,79,49,119,19.8381,48.1781
511,251,82,49,120,19.5219,47.8088
512,252,84,48,120,19.0476,47.6190
513,252,84,46,122,18.2540,48.4127
514,253,89,41,123,16.2055,48.6166
515,259,93,40,126,15.4440,48.6486
516,261,95,39,127,14.9425,48.6590
517,262,97,38,127,14.5038,48.4733
518,262,99,34,129,12.9771,49.2366
519,262,102,32,128,12.2137,48.8550
520,261,105,31,125,11.8774,47.8927
521,261,106,30,125,11.4943,47.8927
522,264,110,30,124,11.3636,46.9697
523,265,115,29,121,10.9434,45.6604
524,267,122,27,118,10.1124,44.1948
525,268,124,27,117,10.0746,43.6567
526,267,127,25,115,9.3633,43.0712
527,265,126,25,114,9.4340,43.0189
528,266,126,27,113,10.1504,42.4812
529,268,128,28,112,10.4478,41.7910
530,268,131,28,109,10.4478,40.6716
531,270,135,28,107,10.3704,39.6296
532,270,136,28,106,10.3704,39.2593
533,267,137,25,105,9.3633,39.3258
534,267,136,28,103,10.4869,38.5768
535,267,140,27,100,10.1124,37.4532
536,270,142,28,100,10.3704,37.0370
537,271,149,29,93,10.7011,34.3173
538,271,154,27,90,9.9631,33.2103
539,274,162,27,85,9.8540,31.0219
540,277,166,27,84,9.7473,30.3249
541,276,173,27,76,9.7826,27.5362
542,276,179,26,71,9.4203,25.7246
543,277,178,27,72,9.7473,25.9928
544,279,179,30,70,10.7527,25.0896
545,280,183,30,67,10.7143,23.9286
546,283,190,30,63,10.6007,22.2615
547,283,193,28,62,9.8940,21.9081
548,284,195,28,61,9.8592,21.4789
549,287,194,32,61,11.1498,21.2544
550,290,194,37,59,12.7586,20.3448
551,291,194,41,56,14.0893,19.2440
552,295,198,41,56,13.8983,18.9831
553,298,198,45,55,15.1007,18.4564
554,297,198,46,53,15.4882,17.8451
555,300,198,47,55,15.6667,18.3333
556,299,196,47,56,15.7191,18.7291
557,301,199,49,53,16.2791,17.6080
558,300,197,52,51,17.3333,17.0000
559,300,189,61,50,20.3333,16.6667
560,300,189,64,47,21.3333,15.6667
561,299,184,70,45,23.4114,15.0502
562,302,182,74,46,24.5033,15.2318
563,301,176,79,46,26.2458,15.2824
564,298,174,78,46,26.1745,15.4362
565,300,170,86,44,28.6667,14.6667
566,299,159,98,42,32.7759,14.0468
567,301,158,103,40,34.2193,13.2890
568,300,153,107,40,35.6667,13.3333
569,297,149,107,41,36.0269,13.8047
570,294,141,113,40,38.4354,13.6054
571,293,135,119,39,40.6143,13.3106
572,293,127,126,40,43.0034,13.6519
573,289,125,123,41,42.5606,14.1869
574,290,120,128,42,44.1379,14.4828
575,291,117,131,43,45.0172,14.7766
576,291,106,141,44,48.4536,15.1203
577,291,103,144,44,49.4845,15.1203
578,290,95,151,44,52.0690,15.1724
579,285,84,156,45,54.7368,15.7895
580,283,78,157,48,55.4770,16.9611
581,280,78,151,51,53.9286,18.2143
582,280,71,153,56,54.6429,20.0000
583,280,68,155,57,55.3571,20.3571
584,280,66,153,61,54.6429,21.7857
585,278,64,150,64,53.9568,23.0216
586,276,63,146,67,52.8986,24.2754
587,272,60,141,71,51.8382,26.1029
588,271,58,139,74,51.2915,27.3063
589,268,55,136,77,50.7463,28.7313
590,263,54,129,80,49.0494,30.4183
591,262,55,127,80,48.4733,30.5344
592,257,54,118,85,45.9144,33.0739
593,252,51,112,89,44.4444,35.3175
594,250,49,111,90,44.4000,36.0000
595,248,48,108,92,43.5484,37.0968
596,249,49,99,101,39.7590,40.5622
597,245,47,95,103,38.7755,42.0408
598,241,45,90,106,37.3444,43.9834
599,235,46,83,106,35.3191,45.1064
600,230,46,73,111,31.7391,48.2609
601,230,44,72,114,31.3043,49.5652
602,227,46,66,115,29.0749,50.6608
603,226,46,59,121,26.1062,53.5398
604,226,50,57,119,25.2212,52.6549
605,227,51,54,122,23.7885,53.7445
606,225,49,52,124,23.1111,55.1111
607,221,50,48,123,21.7195,55.6561
608,222,52,45,125,20.2703,56.3063
609,219,53,42,124,19.1781,56.6210
610,217,53,40,124,18.4332,57.1429
611,217,54,38,125,17.5115,57.6037
612,216,53,37,126,17.1296,58.3333
613,213,53,35,125,16.4319,58.6854
614,213,54,32,127,15.0235,59.6244
615,212,56,28,128,13.2075,60.3774
616,214,57,29,128,13.5514,59.8131
617,213,58,27,128,12.6761,60.0939
618,214,59,24,131,11.2150,61.2150
619,218,63,23,132,10.5505,60.5505
620,219,65,20,134,9.1324,61.1872
621,222,71,16,135,7.2072,60.8108
622,226,77,16,133,7.0796,58.8496
623,229,79,17,133,7.4236,58.0786
624,229,79,18,132,7.8603,57.6419
625,231,84,17,130,7.3593,56.2771
626,232,88,16,128,6.8966,55.1724
627,237,92,17,128,7.1730,54.0084
628,238,94,15,129,6.3025,54.2017
629,239,95,15,129,6.2762,53.9749
630,240,95,16,129,6.6667,53.7500
631,243,98,18,127,7.4074,52.2634
632,244,101,18,125,7.3770,51.2295
633,246,106,17,123,6.9106,50.0000
634,248,113,18,117,7.2581,47.1774
635,251,117,19,115,7.5697,45.8167
636,252,125,17,110,6.7460,43.6508
637,252,129,17,106,6.7460,42.0635
638,253,133,17,103,6.7194,40.7115
639,255,139,17,99,6.6667,38.8235
640,254,143,16,95,6.2992,37.4016
641,257,147,18,92,7.0039,35.7977
642,259,153,19,87,7.3359,33.5907
643,264,157,20,87,7.5758,32.9545
644,265,163,19,83,7.1698,31.3208
645,266,168,19,79,7.1429,29.6992
646,268,171,21,76,7.8358,28.3582
647,269,173,21,75,7.8067,27.8810
648,270,181,22,67,8.1481,24.8148
649,272,183,24,65,8.8235,23.8971
650,271,184,24,63,8.8561,23.2472
651,275,191,23,61,8.3636,22.1818
652,276,198,23,55,8.3333,19.9275
653,278,202,25,51,8.9928,18.3453
654,278,202,26,50,9.3525,17.9856
655,278,208,25,45,8.9928,16.1871
656,283,213,25,45,8.8339,15.9011
657,285,214,29,42,10.1754,14.7368
658,285,215,30,40,10.5263,14.0351
659,287,210,38,39,13.2404,13.5889
660,289,215,38,36,13.1488,12.4567
661,290,210,42,38,14.4828,13.1034
662,292,209,45,38,15.4110,13.0137
663,297,213,46,38,15.4882,12.7946
664,300,213,50,37,16.6667,12.3333
665,299,209,53,37,17.7258,12.3746
666,299,210,55,34,18.3946,11.3712
667,299,205,62,32,20.7358,10.7023
668,302,200,71,31,23.5099,10.2649
669,300,190,78,32,26.0000,10.6667
670,298,184,84,30,28.1879,10.0671
671,302,185,89,28,29.4702,9.2715
672,301,182,94,25,31.2292,8.3056
673,301,179,98,24,32.5581,7.9734
674,301,176,100,25,33.2226,8.3056
675,301,171,103,27,34.2193,8.9701
676,301,163,110,28,36.5449,9.3023
677,299,156,115,28,38.4615,9.3645
678,299,149,122,28,40.8027,9.3645
679,296,143,125,28,42.2297,9.4595
680,295,135,132,28,44.7458,9.4915
681,297,127,142,28,47.8114,9.4276
682,295,122,142,31,48.1356,10.5085
683,296,116,147,33,49.6622,11.1486
684,297,111,153,33,51.5152,11.1111
685,297,109,153,35,51.5152,11.7845
686,293,106,151,36,51.5358,12.2867
687,292,105,150,37,51.3699,12.6712
688,290,101,144,45,49.6552,15.5172
689,288,96,141,51,48.9583,17.7083
690,284,95,134,55,47.1831,19.3662
691,285,92,131,62,45.9649,21.7544
692,284,88,128,68,45.0704,23.9437
693,281,85,128,68,45.5516,24.1993
694,279,83,127,69,45.5197,24.7312
695,277,80,125,72,45.1264,25.9928
696,275,82,119,74,43.2727,26.9091
697,274,80,117,77,42.7007,28.1022
698,273,80,110,83,40.2930,30.4029
699,275,85,104,86,37.8182,31.2727
700,269,84,95,90,35.3160,33.4572
701,268,85,87,96,32.4627,35.8209
702,262,85,77,100,29.3893,38.1679
703,261,82,77,102,29.5019,39.0805
704,258,82,70,106,27.1318,41.0853
705,261,84,67,110,25.6705,42.1456
706,261,85,63,113,24.1379,43.2950
707,263,87,63,113,23.9544,42.9658
708,263,88,61,114,23.1939,43.3460
709,264,89,59,116,22.3485,43.9394
710,262,89,54,119,20.6107,45.4198
711,261,86,53,122,20.3065,46.7433
712,263,87,53,123,20.1521,46.7681
713,267,94,50,123,18.7266,46.0674
714,268,93,48,127,17.9104,47.3881
715,272,97,46,129,16.9118,47.4265
716,273,99,45,129,16.4835,47.2527
717,273,99,44,130,16.1172,47.6190
718,273,101,41,131,15.0183,47.9853
719,274,100,42,132,15.3285,48.1752
720,276,98,45,133,16.3043,48.1884
721,273,97,43,133,15.7509,48.7179
722,274,96,45,133,16.4234,48.5401
723,271,96,41,134,15.1292,49.4465
724,272,98,38,136,13.9706,50.0000
725,273,102,35,136,12.8205,49.8168
726,271,102,34,135,12.5461,49.8155
727,272,106,33,133,12.1324,48.8971
728,274,106,36,132,13.1387,48.1752
729,276,110,34,132,12.3188,47.8261
730,279,113,33,133,11.8280,47.6703
731,279,117,29,133,10.3943,47.6703
732,280,122,27,131,9.6429,46.7857
733,281,123,26,132,9.2527,46.9751
734,283,127,25,131,8.8339,46.2898
735,287,130,28,129,9.7561,44.9477
736,288,130,29,129,10.0694,44.7917
737,291,134,30,127,10.3093,43.6426
738,291,136,28,127,9.6220,43.6426
739,293,138,29,126,9.8976,43.0034
740,291,148,25,118,8.5911,40.5498
741,289,155,22,112,7.6125,38.7543
742,292,164,20,108,6.8493,36.9863
743,292,170,20,102,6.8493,34.9315
744,294,175,23,96,7.8231,32.6531
745,294,176,22,96,7.4830,32.6531
746,295,178,22,95,7.4576,32.2034
747,299,182,25,92,8.3612,30.7692
748,303,190,23,90,7.5908,29.7030
749,303,188,27,88,8.9109,29.0429
750,303,191,30,82,9.9010,27.0627
751,302,191,34,77,11.2583,25.4967
752,302,194,36,72,11.9205,23.8411
753,302,198,39,65,12.9139,21.5232
754,302,200,42,60,13.9073,19.8675
755,301,199,42,60,13.9535,19.9336
756,301,202,41,58,13.6213,19.2691
757,299,205,40,54,13.3779,18.0602
758,303,210,41,52,13.5314,17.1617
759,303,205,46,52,15.1815,17.1617
760,302,204,48,50,15.8940,16.5563
761,302,204,50,48,16.5563,15.8940
762,302,205,52,45,17.2185,14.9007
763,302,202,56,44,18.5430,14.5695
764,300,197,60,43,20.0000,14.3333
765,299,187,71,41,23.7458,13.7124
766,304,191,76,37,25.0000,12.1711
767,304,190,78,36,25.6579,11.8421
768,303,182,84,37,27.7228,12.2112
769,300,179,84,37,28.0000,12.3333
770,299,177,82,40,27.4247,13.3779
771,297,173,85,39,28.6195,13.1313
772,297,170,87,40,29.2929,13.4680
773,300,168,92,40,30.6667,13.3333
774,299,164,94,41,31.4381,13.7124
775,299,163,95,41,31.7726,13.7124
776,300,164,96,40,32.0000,13.3333
777,300,159,102,39,34.0000,13.0000
778,300,154,106,40,35.3333,13.3333
779,295,153,102,40,34.5763,13.5593
780,293,147,104,42,35.4949,14.3345
781,294,143,108,43,36.7347,14.6259
782,296,143,110,43,37.1622,14.5270
783,294,137,112,45,38.0952,15.3061
784,290,134,109,47,37.5862,16.2069
785,292,135,107,50,36.6438,17.1233
786,284,130,104,50,36.6197,17.6056
787,281,124,106,51,37.7224,18.1495
788,280,126,104,50,37.1429,17.8571
789,282,125,102,55,36.1702,19.5035
790,282,125,102,55,36.1702,19.5035
791,280,120,104,56,37.1429,20.0000
792,277,119,96,62,34.6570,22.3827
793,276,113,97,66,35.1449,23.9130
794,275,111,96,68,34.9091,24.7273
795,273,110,94,69,34.4322,25.2747
796,271,107,94,70,34.6863,25.8303
797,269,102,93,74,34.5725,27.5093
798,268,100,92,76,34.3284,28.3582
799,266,96,93,77,34.9624,28.9474
800,264,98,89,77,33.7121,29.1667
801,269,103,87,79,32.3420,29.3680
802,269,96,90,83,33.4572,30.8550
803,266,94,87,85,32.7068,31.9549
804,265,91,87,87,32.8302,32.8302
805,263,89,85,89,32.3194,33.8403
806,262,86,85,91,32.4427,34.7328
807,260,92,77,91,29.6154,35.0000
808,259,95,74,90,28.5714,34.7490
809,261,95,75,91,28.7356,34.8659
810,264,96,73,95,27.6515,35.9848
811,262,95,72,95,27.4809,36.2595
812,262,92,74,96,28.2443,36.6412
813,261,94,70,97,26.8199,37.1648
814,260,93,68,99,26.1538,38.0769
815,261,93,70,98,26.8199,37.5479
816,259,90,70,99,27.0270,38.2239
817,260,90,67,103,25.7692,39.6154
818,262,90,66,106,25.1908,40.4580
819,259,90,63,106,24.3243,40.9266
820,257,89,63,105,24.5136,40.8560
821,260,90,66,104,25.3846,40.0000
822,259,94,64,101,24.7104,38.9961
823,256,92,59,105,23.0469,41.0156
824,258,93,61,104,23.6434,40.3101
825,257,94,58,105,22.5681,40.8560
826,258,96,58,104,22.4806,40.3101
827,257,94,58,105,22.5681,40.8560
828,259,97,56,106,21.6216,40.9266
829,260,95,60,105,23.0769,40.3846
830,261,95,61,105,23.3716,40.2299
831,263,95,58,110,22.0532,41.8251
832,266,99,55,112,20.6767,42.1053
833,265,99,55,111,20.7547,41.8868
834,265,101,55,109,20.7547,41.1321
835,264,103,54,107,20.4545,40.5303
836,263,105,52,106,19.7719,40.3042
837,265,110,51,104,19.2453,39.2453
838,265,110,52,103,19.6226,38.8679
839,266,109,54,103,20.3008,38.7218
840,266,109,53,104,19.9248,39.0977
841,267,115,52,100,19.4757,37.4532
842,269,118,51,100,18.9591,37.1747
843,271,121,49,101,18.0812,37.2694
844,269,127,45,97,16.7286,36.0595
845,275,134,47,94,17.0909,34.1818
846,279,136,50,93,17.9211,33.3333
847,279,136,48,95,17.2043,34.0502
848,282,137,50,95,17.7305,33.6879
849,283,140,50,93,17.6678,32.8622
850,283,143,46,94,16.2544,33.2155
851,285,145,44,96,15.4386,33.6842
852,286,146,45,95,15.7343,33.2168
853,286,148,44,94,15.3846,32.8671
854,289,155,43,91,14.8789,31.4879
855,290,156,44,90,15.1724,31.0345
856,293,160,44,89,15.0171,30.3754
857,298,166,44,88,14.7651,29.5302
858,299,165,47,87,15.7191,29.0970
859,297,165,45,87,15.1515,29.2929
860,303,169,48,86,15.8416,28.3828
861,303,163,54,86,17.8218,28.3828
862,301,164,56,81,18.6047,26.9103
863,301,158,63,80,20.9302,26.5781
864,299,151,69,79,23.0769,26.4214
865,301,149,73,79,24.2525,26.2458
866,299,145,74,80,24.7492,26.7559
867,300,144,75,81,25.0000,27.0000
868,298,143,74,81,24.8322,27.1812
869,301,148,72,81,23.9203,26.9103
870,301,143,80,78,26.5781,25.9136
871,300,139,85,76,28.3333,25.3333
872,300,132,89,79,29.6667,26.3333
873,299,129,91,79,30.4348,26.4214
874,299,124,97,78,32.4415,26.0870
875,300,121,103,76,34.3333,25.3333
876,300,116,106,78,35.3333,26.0000
877,299,112,111,76,37.1237,25.4181
878,296,108,113,75,38.1757,25.3378
879,295,102,119,74,40.3390,25.0847
880,295,102,118,75,40.0000,25.4237
881,292,100,116,76,39.7260,26.0274
882,286,95,116,75,40.5594,26.2238
883,284,97,113,74,39.7887,26.0563
884,278,98,107,73,38.4892,26.2590
885,279,100,105,74,37.6344,26.5233
886,278,95,107,76,38.4892,27.3381
887,276,96,103,77,37.3188,27.8986
888,277,96,105,76,37.9061,27.4368
889,278,96,106,76,38.1295,27.3381
890,276,89,111,76,40.2174,27.5362
891,273,88,105,80,38.4615,29.3040
892,274,87,105,82,38.3212,29.9270
893,274,87,105,82,38.3212,29.9270
894,271,85,102,84,37.6384,30.9963
895,271,87,98,86,36.1624,31.7343
896,273,89,97,87,35.5311,31.8681
897,271,91,92,88,33.9483,32.4723
898,268,92,86,90,32.0896,33.5821
899,267,92,85,90,31.8352,33.7079
900,267,89,86,92,32.2097,34.4569
901,266,89,86,91,32.3308,34.2105
902,265,90,85,90,32.0755,33.9623
903,263,92,82,89,31.1787,33.8403
904,263,92,80,91,30.4183,34.6008
905,264,93,81,90,30.6818,34.0909
906,262,88,84,90,32.0611,34.3511
907,261,87,83,91,31.8008,34.8659
908,261,85,85,91,32.5670,34.8659
909,258,83,81,94,31.3953,36.4341
910,259,81,80,98,30.8880,37.8378
911,259,80,77,102,29.7297,39.3822
912,258,77,80,101,31.0078,39.1473
913,256,76,75,105,29.2969,41.0156
914,257,76,75,106,29.1829,41.2451
915,259,80,71,108,27.4131,41.6988
916,258,77,68,113,26.3566,43.7984
917,257,73,72,112,28.0156,43.5798
918,257,71,77,109,29.9611,42.4125
919,257,71,77,109,29.9611,42.4125
920,256,70,73,113,28.5156,44.1406
921,258,74,71,113,27.5194,43.7984
922,259,74,70,115,27.0270,44.4015
923,260,72,71,117,27.3077,45.0000
924,260,72,74,114,28.4615,43.8462
925,259,70,72,117,27.7992,45.1737
926,260,72,71,117,27.3077,45.0000
927,259,78,64,117,24.7104,45.1737
928,259,82,62,115,23.9382,44.4015
929,258,82,61,115,23.6434,44.5736
930,256,80,58,118,22.6562,46.0938
931,257,78,61,118,23.7354,45.9144
932,254,77,58,119,22.8346,46.8504
933,253,80,55,118,21.7391,46.6403
934,254,81,54,119,21.2598,46.8504
935,254,83,56,115,22.0472,45.2756
936,255,85,56,114,21.9608,44.7059
937,254,83,58,113,22.8346,44.4882
938,251,83,53,115,21.1155,45.8167
939,250,85,51,114,20.4000,45.6000
940,253,90,49,114,19.3676,45.0593
941,255,93,49,113,19.2157,44.3137
942,255,92,50,113,19.6078,44.3137
943,257,99,47,111,18.2879,43.1907
944,259,103,47,109,18.1467,42.0849
945,257,104,43,110,16.7315,42.8016
946,260,106,45,109,17.3077,41.9231
947,261,109,47,105,18.0077,40.2299
948,264,109,52,103,19.6970,39.0152
949,265,108,56,101,21.1321,38.1132
950,265,111,55,99,20.7547,37.3585
951,268,115,55,98,20.5224,36.5672
952,270,121,51,98,18.8889,36.2963
953,272,122,52,98,19.1176,36.0294
954,273,121,56,96,20.5128,35.1648
955,275,125,52,98,18.9091,35.6364
956,276,128,51,97,18.4783,35.1449
957,279,132,48,99,17.2043,35.4839
958,279,133,47,99,16.8459,35.4839
959,281,135,48,98,17.0819,34.8754
960,280,132,51,97,18.2143,34.6429
961,284,138,51,95,17.9577,33.4507
962,286,143,53,90,18.5315,31.4685
963,285,147,52,86,18.2456,30.1754
964,286,149,50,87,17.4825,30.4196
965,287,156,49,82,17.0732,28.5714
966,287,154,51,82,17.7700,28.5714
967,291,158,52,81,17.8694,27.8351
968,290,162,50,78,17.2414,26.8966
969,290,161,48,81,16.5517,27.9310
970,293,162,48,83,16.3823,28.3276
971,294,162,49,83,16.6667,28.2313
972,296,169,48,79,16.2162,26.6892
973,299,172,51,76,17.0569,25.4181
974,300,172,53,75,17.6667,25.0000
975,300,168,57,75,19.0000,25.0000
976,299,166,58,75,19.3980,25.0836
977,301,165,64,72,21.2625,23.9203
978,300,164,63,73,21.0000,24.3333
979,300,162,66,72,22.0000,24.0000
980,296,159,65,72,21.9595,24.3243
981,296,156,66,74,22.2973,25.0000
982,298,157,69,72,23.1544,24.1611
983,298,153,72,73,24.1611,24.4966
984,295,151,75,69,25.4237,23.3898
985,299,154,76,69,25.4181,23.0769
986,301,153,78,70,25.9136,23.2558
987,298,149,77,72,25.8389,24.1611
988,300,150,78,72,26.0000,24.0000
989,298,146,80,72,26.8456,24.1611
990,299,142,88,69,29.4314,23.0769
991,302,143,90,69,29.8013,22.8477
992,301,137,93,71,30.8970,23.5880
993,300,132,96,72,32.0000,24.0000
994,298,126,99,73,33.2215,24.4966
995,297,126,95,76,31.9865,25.5892
996,297,124,98,75,32.9966,25.2525
997,296,122,101,73,34.1216,24.6622
998,295,121,101,73,34.2373,24.7458
999,295,116,105,74,35.5932,25.0847
1000,296,117,102,77,34.4595,26.0135
1001,296,114,102,80,34.4595,27.0270
1002,301,116,100,85,33.2226,28.2392
1003,298,112,102,84,34.2282,28.1879
1004,294,112,99,83,33.6735,28.2313
1005,295,113,99,83,33.5593,28.1356
1006,295,111,99,85,33.5593,28.8136
1007,296,113,101,82,34.1216,27.7027
1008,297,115,99,83,33.3333,27.9461
1009,296,112,102,82,34.4595,27.7027
1010,294,108,101,85,34.3537,28.9116
1011,292,107,97,88,33.2192,30.1370
1012,289,103,98,88,33.9100,30.4498
1013,285,103,93,89,32.6316,31.2281
1014,285,101,92,92,32.2807,32.2807
1015,285,103,91,91,31.9298,31.9298
1016,286,106,86,94,30.0699,32.8671
1017,285,103,86,96,30.1754,33.6842
1018,283,102,84,97,29.6820,34.2756
1019,282,99,87,96,30.8511,34.0426
1020,282,103,81,98,28.7234,34.7518
1021,281,103,83,95,29.5374,33.8078
1022,285,107,81,97,28.4211,34.0351
1023,283,104,81,98,28.6219,34.6290
1024,284,103,81,100,28.5211,35.2113
1025,283,103,78,102,27.5618,36.0424
1026,285,103,79,103,27.7193,36.1404
1027,284,103,79,102,27.8169,35.9155
1028,285,101,78,106,27.3684,37.1930
1029,283,97,75,111,26.5018,39.2226
1030,281,97,72,112,25.6228,39.8577
1031,281,97,71,113,25.2669,40.2135
1032,278,95,67,116,24.1007,41.7266
1033,280,99,66,115,23.5714,41.0714
1034,277,97,66,114,23.8267,41.1552
1035,277,99,65,113,23.4657,40.7942
1036,278,97,66,115,23.7410,41.3669
1037,275,95,61,119,22.1818,43.2727
1038,279,99,60,120,21.5054,43.0108
1039,282,103,59,120,20.9220,42.5532
1040,282,103,61,118,21.6312,41.8440
1041,283,105,60,118,21.2014,41.6961
1042,286,106,62,118,21.6783,41.2587
1043,286,105,63,118,22.0280,41.2587
1044,284,110,57,117,20.0704,41.1972
1045,284,113,53,118,18.6620,41.5493
1046,288,118,53,117,18.4028,40.6250
1047,290,125,52,113,17.9310,38.9655
1048,289,122,53,114,18.3391,39.4464
1049,289,119,54,116,18.6851,40.1384
1050,290,117,56,117,19.3103,40.3448
1051,293,118,58,117,19.7952,39.9317
1052,295,121,58,116,19.6610,39.3220
1053,297,126,57,114,19.1919,38.3838
1054,296,130,57,109,19.2568,36.8243
1055,294,129,58,107,19.7279,36.3946
1056,295,131,56,108,18.9831,36.6102
1057,295,131,56,108,18.9831,36.6102
1058,294,129,59,106,20.0680,36.0544
1059,295,128,60,107,20.3390,36.2712
1060,296,130,59,107,19.9324,36.1486
1061,296,131,58,107,19.5946,36.1486
1062,298,133,62,103,20.8054,34.5638
1063,296,135,61,100,20.6081,33.7838
1064,294,133,61,100,20.7483,34.0136
1065,296,130,68,98,22.9730,33.1081
1066,300,132,73,95,24.3333,31.6667
1067,298,131,73,94,24.4966,31.5436
1068,297,134,72,91,24.2424,30.6397
1069,298,134,73,91,24.4966,30.5369
1070,297,136,70,91,23.5690,30.6397
1071,297,138,67,92,22.5589,30.9764
1072,295,135,70,90,23.7288,30.5085
1073,295,128,75,92,25.4237,31.1864
1074,296,126,82,88,27.7027,29.7297
1075,298,128,83,87,27.8523,29.1946
1076,298,129,85,84,28.5235,28.1879
1077,299,127,88,84,29.4314,28.0936
1078,302,128,90,84,29.8013,27.8146
1079,301,118,98,85,32.5581,28.2392
1080,300,115,104,81,34.6667,27.0000
1081,297,118,101,78,34.0067,26.2626
1082,296,118,101,77,34.1216,26.0135
1083,296,113,103,80,34.7973,27.0270
1084,297,108,111,78,37.3737,26.2626
1085,297,105,113,79,38.0471,26.5993
1086,296,103,112,81,37.8378,27.3649
1087,295,97,118,80,40.0000,27.1186
1088,294,94,120,80,40.8163,27.2109
1089,294,97,118,79,40.1361,26.8707
1090,295,97,120,78,40.6780,26.4407
1091,295,92,127,76,43.0508,25.7627
1092,297,86,134,77,45.1178,25.9259
1093,295,78,136,81,46.1017,27.4576
1094,296,79,135,82,45.6081,27.7027
1095,295,74,135,86,45.7627,29.1525
1096,294,73,135,86,45.9184,29.2517
1097,292,74,132,86,45.2055,29.4521
1098,297,77,130,90,43.7710,30.3030
1099,291,73,127,91,43.6426,31.2715
1100,290,72,126,92,43.4483,31.7241
1101,287,72,125,90,43.5540,31.3589
1102,288,76,123,89,42.7083,30.9028
1103,289,74,122,93,42.2145,32.1799
1104,287,77,116,94,40.4181,32.7526
1105,285,75,115,95,40.3509,33.3333
1106,286,74,114,98,39.8601,34.2657
1107,284,72,111,101,39.0845,35.5634
1108,280,72,108,100,38.5714,35.7143
1109,275,70,106,99,38.5455,36.0000
1110,274,64,109,101,39.7810,36.8613
1111,273,63,109,101,39.9267,36.9963
1112,270,68,99,103,36.6667,38.1481
1113,263,67,91,105,34.6008,39.9240
1114,267,71,85,111,31.8352,41.5730
1115,265,71,81,113,30.5660,42.6415
1116,266,76,74,116,27.8195,43.6090
1117,267,79,71,117,26.5918,43.8202
1118,264,80,66,118,25.0000,44.6970
1119,263,81,63,119,23.9544,45.2471
1120,263,84,58,121,22.0532,46.0076
1121,264,82,61,121,23.1061,45.8333
1122,263,86,56,121,21.2928,46.0076
1123,264,88,54,122,20.4545,46.2121
1124,267,91,54,122,20.2247,45.6929
1125,268,95,50,123,18.6567,45.8955
1126,270,93,50,127,18.5185,47.0370
1127,273,98,46,129,16.8498,47.2527
1128,277,102,44,131,15.8845,47.2924
1129,281,106,47,128,16.7260,45.5516
1130,282,111,44,127,15.6028,45.0355
1131,281,114,36,131,12.8114,46.6192
1132,281,116,34,131,12.0996,46.6192
1133,283,120,32,131,11.3074,46.2898
1134,284,120,33,131,11.6197,46.1268
1135,286,125,35,126,12.2378,44.0559
1136,288,129,34,125,11.8056,43.4028
1137,290,130,37,123,12.7586,42.4138
1138,293,134,38,121,12.9693,41.2969
1139,291,131,39,121,13.4021,41.5808
1140,295,137,38,120,12.8814,40.6780
1141,295,141,36,118,12.2034,40.0000
1142,297,147,33,117,11.1111,39.3939
1143,298,144,37,117,12.4161,39.2617
1144,298,144,38,116,12.7517,38.9262
1145,298,148,39,111,13.0872,37.2483
1146,298,150,39,109,13.0872,36.5772
1147,299,152,41,106,13.7124,35.4515
1148,298,153,39,106,13.0872,35.5705
1149,299,154,42,103,14.0468,34.4482
1150,300,160,39,101,13.0000,33.6667
1151,300,158,43,99,14.3333,33.0000
1152,300,159,44,97,14.6667,32.3333
1153,300,156,48,96,16.0000,32.0000
1154,300,152,52,96,17.3333,32.0000
1155,300,151,57,92,19.0000,30.6667
1156,300,153,58,89,19.3333,29.6667
1157,299,151,61,87,20.4013,29.0970
1158,299,156,59,84,19.7324,28.0936
1159,301,157,61,83,20.2658,27.5748
1160,301,152,67,82,22.2591,27.2425
1161,301,149,69,83,22.9236,27.5748
1162,301,148,71,82,23.5880,27.2425
1163,301,140,78,83,25.9136,27.5748
1164,300,136,85,79,28.3333,26.3333
1165,298,137,85,76,28.5235,25.5034
1166,296,139,86,71,29.0541,23.9865
1167,295,135,90,70,30.5085,23.7288
1168,295,134,92,69,31.1864,23.3898
1169,297,133,95,69,31.9865,23.2323
1170,296,131,96,69,32.4324,23.3108
1171,297,126,101,70,34.0067,23.5690
1172,296,122,106,68,35.8108,22.9730
1173,293,118,109,66,37.2014,22.5256
1174,293,117,109,67,37.2014,22.8669
1175,293,119,105,69,35.8362,23.5495
1176,296,120,108,68,36.4865,22.9730
1177,295,120,109,66,36.9492,22.3729
1178,300,124,111,65,37.0000,21.6667
1179,300,119,117,64,39.0000,21.3333
1180,297,114,117,66,39.3939,22.2222
1181,298,109,121,68,40.6040,22.8188
1182,299,108,121,70,40.4682,23.4114
1183,298,110,118,70,39.5973,23.4899
1184,297,104,120,73,40.4040,24.5791
1185,298,105,121,72,40.6040,24.1611
1186,298,101,125,72,41.9463,24.1611
1187,296,97,123,76,41.5541,25.6757
1188,292,90,123,79,42.1233,27.0548
1189,292,84,124,84,42.4658,28.7671
1190,293,85,121,87,41.2969,29.6928
1191,294,83,120,91,40.8163,30.9524
1192,292,81,118,93,40.4110,31.8493
1193,292,80,113,99,38.6986,33.9041
1194,291,82,107,102,36.7698,35.0515
1195,290,74,114,102,39.3103,35.1724
1196,289,72,112,105,38.7543,36.3322
1197,292,73,114,105,39.0411,35.9589
1198,290,70,114,106,39.3103,36.5517
1199,287,68,110,109,38.3275,37.9791
1200,286,68,108,110,37.7622,38.4615
1201,285,66,103,116,36.1404,40.7018
1202,285,65,101,119,35.4386,41.7544
1203,284,62,101,121,35.5634,42.6056
1204,287,66,96,125,33.4495,43.5540
1205,283,67,88,128,31.0954,45.2297
1206,286,69,90,127,31.4685,44.4056
1207,287,70,87,130,30.3136,45.2962
1208,288,71,84,133,29.1667,46.1806
1209,285,72,74,139,25.9649,48.7719
1210,282,72,72,138,25.5319,48.9362
1211,282,75,70,137,24.8227,48.5816
1212,278,75,66,137,23.7410,49.2806
1213,279,76,64,139,22.9391,49.8208
1214,278,74,64,140,23.0216,50.3597
1215,280,78,63,139,22.5000,49.6429
1216,281,80,56,145,19.9288,51.6014
1217,281,81,53,147,18.8612,52.3132
1218,281,87,46,148,16.3701,52.6690
1219,279,89,43,147,15.4122,52.6882
1220,278,91,41,146,14.7482,52.5180
1221,279,95,37,147,13.2616,52.6882
1222,283,100,33,150,11.6608,53.0035
1223,287,105,30,152,10.4530,52.9617
1224,289,108,30,151,10.3806,52.2491
1225,290,107,31,152,10.6897,52.4138
1226,292,110,30,152,10.2740,52.0548
1227,290,110,32,148,11.0345,51.0345
1228,290,110,33,147,11.3793,50.6897
1229,289,109,33,147,11.4187,50.8651
1230,291,112,35,144,12.0275,49.4845
1231,295,116,38,141,12.8814,47.7966
1232,294,121,36,137,12.2449,46.5986
1233,296,124,37,135,12.5000,45.6081
1234,300,127,41,132,13.6667,44.0000
1235,299,132,37,130,12.3746,43.4783
1236,301,134,40,127,13.2890,42.1927
1237,301,132,42,127,13.9535,42.1927
1238,301,131,44,126,14.6179,41.8605
1239,301,134,44,123,14.6179,40.8638
1240,301,135,47,119,15.6146,39.5349
1241,301,138,49,114,16.2791,37.8738
1242,300,138,51,111,17.0000,37.0000
1243,299,138,54,107,18.0602,35.7860
1244,303,144,54,105,17.8218,34.6535
1245,302,150,53,99,17.5497,32.7815
1246,301,150,55,96,18.2724,31.8937
1247,300,143,59,98,19.6667,32.6667
1248,299,146,56,97,18.7291,32.4415
1249,302,149,55,98,18.2119,32.4503
1250,300,146,57,97,19.0000,32.3333
1251,298,145,57,96,19.1275,32.2148
1252,302,150,58,94,19.2053,31.1258
1253,302,155,58,89,19.2053,29.4702
1254,300,158,58,84,19.3333,28.0000
1255,298,156,61,81,20.4698,27.1812
1256,298,157,63,78,21.1409,26.1745
1257,300,161,62,77,20.6667,25.6667
1258,299,158,64,77,21.4047,25.7525
1259,301,159,66,76,21.9269,25.2492
1260,300,158,69,73,23.0000,24.3333
1261,299,159,72,68,24.0803,22.7425
1262,300,159,71,70,23.6667,23.3333
1263,299,152,77,70,25.7525,23.4114
1264,297,147,80,70,26.9360,23.5690
1265,297,144,86,67,28.9562,22.5589
1266,298,145,86,67,28.8591,22.4832
1267,296,145,86,65,29.0541,21.9595
1268,293,145,87,61,29.6928,20.8191
1269,294,144,91,59,30.9524,20.0680
1270,293,141,94,58,32.0819,19.7952
1271,293,138,95,60,32.4232,20.4778
1272,294,138,94,62,31.9728,21.0884
1273,294,138,97,59,32.9932,20.0680
1274,293,140,98,55,33.4471,18.7713
1275,297,147,97,53,32.6599,17.8451
1276,295,136,104,55,35.2542,18.6441
1277,298,135,109,54,36.5772,18.1208
1278,296,131,112,53,37.8378,17.9054
1279,296,127,115,54,38.8514,18.2432
1280,295,118,119,58,40.3390,19.6610
1281,297,119,119,59,40.0673,19.8653
1282,296,115,120,61,40.5405,20.6081
1283,292,113,116,63,39.7260,21.5753
1284,289,110,113,66,39.1003,22.8374
1285,289,107,115,67,39.7924,23.1834
1286,285,101,117,67,41.0526,23.5088
1287,285,103,117,65,41.0526,22.8070
1288,286,102,118,66,41.2587,23.0769
1289,283,101,115,67,40.6360,23.6749
1290,283,97,116,70,40.9894,24.7350
1291,280,97,111,72,39.6429,25.7143
1292,277,94,107,76,38.6282,27.4368
1293,275,93,106,76,38.5455,27.6364
1294,276,92,106,78,38.4058,28.2609
1295,273,89,106,78,38.8278,28.5714
1296,275,90,105,80,38.1818,29.0909
1297,272,92,94,86,34.5588,31.6176
1298,268,91,86,91,32.0896,33.9552
1299,269,87,88,94,32.7138,34.9442
1300,274,91,87,96,31.7518,35.0365
1301,269,89,80,100,29.7398,37.1747
1302,273,93,79,101,28.9377,36.9963
1303,272,95,77,100,28.3088,36.7647
1304,276,94,82,100,29.7101,36.2319
1305,273,92,78,103,28.5714,37.7289
1306,271,91,74,106,27.3063,39.1144
1307,272,93,71,108,26.1029,39.7059
1308,271,95,67,109,24.7232,40.2214
1309,267,89,71,107,26.5918,40.0749
1310,268,89,68,111,25.3731,41.4179
1311,268,91,69,108,25.7463,40.2985
1312,269,92,69,108,25.6506,40.1487
1313,271,95,69,107,25.4613,39.4834
1314,269,95,69,105,25.6506,39.0335
1315,269,96,67,106,24.9071,39.4052
1316,270,97,66,107,24.4444,39.6296
1317,271,97,66,108,24.3542,39.8524
1318,273,98,68,107,24.9084,39.1941
1319,270,96,65,109,24.0741,40.3704
1320,272,99,64,109,23.5294,40.0735
1321,269,100,59,110,21.9331,40.8922
1322,268,95,63,110,23.5075,41.0448
1323,269,98,62,109,23.0483,40.5204
1324,271,102,61,108,22.5092,39.8524
1325,271,104,55,112,20.2952,41.3284
1326,271,106,53,112,19.5572,41.3284
1327,269,108,51,110,18.9591,40.8922
1328,272,109,53,110,19.4853,40.4412
1329,275,109,52,114,18.9091,41.4545
1330,274,108,52,114,18.9781,41.6058
1331,275,108,53,114,19.2727,41.4545
1332,276,111,54,111,19.5652,40.2174
1333,279,116,50,113,17.9211,40.5018
1334,280,117,50,113,17.8571,40.3571
1335,283,119,53,111,18.7279,39.2226
1336,284,121,52,111,18.3099,39.0845
1337,284,121,53,110,18.6620,38.7324
1338,286,122,54,110,18.8811,38.4615
1339,286,120,56,110,19.5804,38.4615
1340,284,116,57,111,20.0704,39.0845
1341,286,117,59,110,20.6294,38.4615
1342,285,118,57,110,20.0000,38.5965
1343,288,122,58,108,20.1389,37.5000
1344,289,124,60,105,20.7612,36.3322
1345,290,124,59,107,20.3448,36.8966
1346,293,129,59,105,20.1365,35.8362
1347,295,128,62,105,21.0169,35.5932
1348,295,129,60,106,20.3390,35.9322
1349,297,136,58,103,19.5286,34.6801
1350,298,137,62,99,20.8054,33.2215
1351,297,144,57,96,19.1919,32.3232
1352,303,152,58,93,19.1419,30.6931
1353,301,153,58,90,19.2691,29.9003
1354,301,154,58,89,19.2691,29.5681
1355,299,148,64,87,21.4047,29.0970
1356,298,145,66,87,22.1477,29.1946
1357,299,148,66,85,22.0736,28.4281
1358,304,155,68,81,22.3684,26.6447
1359,299,154,64,81,21.4047,27.0903
1360,298,155,62,81,20.8054,27.1812
1361,298,152,63,83,21.1409,27.8523
1362,297,154,64,79,21.5488,26.5993
1363,298,154,65,79,21.8121,26.5101
1364,298,151,69,78,23.1544,26.1745
1365,303,150,74,79,24.4224,26.0726
1366,301,149,73,79,24.2525,26.2458
1367,300,147,75,78,25.0000,26.0000
1368,299,146,75,78,25.0836,26.0870
1369,299,141,81,77,27.0903,25.7525
1370,301,139,82,80,27.2425,26.5781
1371,297,135,83,79,27.9461,26.5993
1372,297,136,84,77,28.2828,25.9259
1373,299,136,85,78,28.4281,26.0870
1374,304,141,84,79,27.6316,25.9868
1375,302,137,84,81,27.8146,26.8212
1376,300,135,84,81,28.0000,27.0000
1377,296,134,82,80,27.7027,27.0270
1378,297,131,86,80,28.9562,26.9360
1379,295,128,86,81,29.1525,27.4576
1380,297,132,86,79,28.9562,26.5993
1381,299,136,87,76,29.0970,25.4181
1382,296,131,89,76,30.0676,25.6757
1383,296,125,94,77,31.7568,26.0135
1384,297,126,94,77,31.6498,25.9259
1385,295,128,88,79,29.8305,26.7797
1386,294,122,95,77,32.3129,26.1905
1387,296,119,99,78,33.4459,26.3514
1388,297,121,101,75,34.0067,25.2525
1389,294,122,95,77,32.3129,26.1905
1390,291,118,94,79,32.3024,27.1478
1391,291,122,92,77,31.6151,26.4605
1392,291,121,95,75,32.6460,25.7732
1393,292,121,96,75,32.8767,25.6849
1394,292,123,94,75,32.1918,25.6849
1395,292,116,98,78,33.5616,26.7123
1396,292,113,100,79,34.2466,27.0548
1397,291,113,100,78,34.3643,26.8041
1398,287,107,100,80,34.8432,27.8746
1399,287,103,103,81,35.8885,28.2230
1400,286,105,103,78,36.0140,27.2727
1401,288,105,106,77,36.8056,26.7361
1402,284,100,106,78,37.3239,27.4648
1403,288,99,109,80,37.8472,27.7778
1404,283,98,105,80,37.1025,28.2686
1405,284,97,107,80,37.6761,28.1690
1406,288,98,105,85,36.4583,29.5139
1407,286,96,100,90,34.9650,31.4685
1408,284,96,99,89,34.8592,31.3380
1409,282,92,101,89,35.8156,31.5603
1410,279,87,103,89,36.9176,31.8996
1411,277,86,102,89,36.8231,32.1300
1412,278,89,101,88,36.3309,31.6547
1413,277,89,101,87,36.4621,31.4079
1414,277,90,99,88,35.7401,31.7690
1415,274,89,93,92,33.9416,33.5766
1416,275,85,96,94,34.9091,34.1818
1417,272,83,91,98,33.4559,36.0294
1418,274,80,92,102,33.5766,37.2263
1419,275,79,90,106,32.7273,38.5455
1420,277,76,95,106,34.2960,38.2671
1421,273,76,87,110,31.8681,40.2930
1422,275,78,90,107,32.7273,38.9091
1423,272,77,85,110,31.2500,40.4412
1424,269,77,78,114,28.9963,42.3792
1425,269,80,78,111,28.9963,41.2639
1426,270,81,78,111,28.8889,41.1111
1427,269,85,73,111,27.1375,41.2639
1428,269,86,72,111,26.7658,41.2639
1429,268,87,71,110,26.4925,41.0448
1430,269,89,65,115,24.1636,42.7509
1431,270,89,64,117,23.7037,43.3333
1432,271,88,65,118,23.9852,43.5424
1433,275,93,64,118,23.2727,42.9091
1434,274,91,67,116,24.4526,42.3358
1435,277,95,66,116,23.8267,41.8773
1436,275,96,63,116,22.9091,42.1818
1437,273,103,58,112,21.2454,41.0256
1438,274,107,53,114,19.3431,41.6058
1439,275,109,51,115,18.5455,41.8182
1440,273,107,47,119,17.2161,43.5897
1441,273,109,46,118,16.8498,43.2234
1442,274,110,48,116,17.5182,42.3358
1443,276,109,48,119,17.3913,43.1159
1444,278,111,46,121,16.5468,43.5252
1445,277,111,46,120,16.6065,43.3213
1446,278,113,46,119,16.5468,42.8058
1447,280,118,45,117,16.0714,41.7857
1448,280,118,46,116,16.4286,41.4286
1449,283,121,45,117,15.9011,41.3428
1450,286,124,45,117,15.7343,40.9091
1451,287,123,47,117,16.3763,40.7666
1452,287,126,44,117,15.3310,40.7666
1453,284,125,45,114,15.8451,40.1408
1454,286,128,46,112,16.0839,39.1608
1455,290,135,43,112,14.8276,38.6207
1456,290,138,41,111,14.1379,38.2759
1457,292,141,42,109,14.3836,37.3288
1458,293,146,43,104,14.6758,35.4949
1459,294,151,45,98,15.3061,33.3333
1460,295,148,47,100,15.9322,33.8983
1461,297,147,50,100,16.8350,33.6700
1462,298,149,49,100,16.4430,33.5570
1463,300,152,48,100,16.0000,33.3333
1464,300,148,52,100,17.3333,33.3333
1465,298,144,54,100,18.1208,33.5570
1466,301,147,56,98,18.6047,32.5581
1467,299,150,54,95,18.0602,31.7726
1468,298,149,56,93,18.7919,31.2081
1469,300,154,57,89,19.0000,29.6667
1470,298,153,60,85,20.1342,28.5235
1471,299,155,64,80,21.4047,26.7559
1472,297,157,61,79,20.5387,26.5993
1473,299,160,64,75,21.4047,25.0836
1474,302,163,64,75,21.1921,24.8344
1475,301,161,67,73,22.2591,24.2525
1476,301,155,76,70,25.2492,23.2558
1477,300,151,79,70,26.3333,23.3333
1478,299,145,86,68,28.7625,22.7425
1479,302,148,90,64,29.8013,21.1921
1480,300,143,94,63,31.3333,21.0000
1481,298,139,96,63,32.2148,21.1409
1482,299,143,93,63,31.1037,21.0702
1483,302,145,95,62,31.4570,20.5298
1484,301,145,92,64,30.5648,21.2625
1485,298,138,95,65,31.8792,21.8121
1486,299,139,92,68,30.7692,22.7425
1487,302,141,94,67,31.1258,22.1854
1488,302,133,101,68,33.4437,22.5166
1489,300,131,101,68,33.6667,22.6667
1490,298,128,99,71,33.2215,23.8255
1491,302,130,102,70,33.7748,23.1788
1492,299,129,104,66,34.7826,22.0736
1493,298,127,104,67,34.8993,22.4832
1494,301,127,104,70,34.5515,23.2558
1495,300,128,102,70,34.0000,23.3333
1496,299,129,95,75,31.7726,25.0836
1497,297,130,91,76,30.6397,25.5892
1498,295,130,88,77,29.8305,26.1017
1499,297,128,88,81,29.6296,27.2727
1500,297,127,87,83,29.2929,27.9461
1501,295,128,84,83,28.4746,28.1356
1502,298,132,83,83,27.8523,27.8523
1503,298,129,85,84,28.5235,28.1879
1504,298,125,89,84,29.8658,28.1879
1505,299,121,90,88,30.1003,29.4314
1506,298,117,92,89,30.8725,29.8658
1507,299,121,92,86,30.7692,28.7625
1508,293,111,95,87,32.4232,29.6928
1509,293,107,94,92,32.0819,31.3993
1510,293,104,92,97,31.3993,33.1058
1511,291,100,92,99,31.6151,34.0206
1512,291,100,94,97,32.3024,33.3333
1513,289,101,89,99,30.7958,34.2561
1514,289,100,90,99,31.1419,34.2561
1515,288,100,91,97,31.5972,33.6806
1516,288,100,92,96,31.9444,33.3333
1517,291,98,97,96,33.3333,32.9897
1518,292,99,93,100,31.8493,34.2466
1519,291,101,89,101,30.5842,34.7079
1520,288,95,89,104,30.9028,36.1111
1521,290,96,89,105,30.6897,36.2069
1522,291,96,87,108,29.8969,37.1134
1523,291,93,88,110,30.2405,37.8007
1524,289,88,86,115,29.7578,39.7924
1525,288,85,86,117,29.8611,40.6250
1526,285,83,83,119,29.1228,41.7544
1527,282,82,81,119,28.7234,42.1986
1528,285,85,76,124,26.6667,43.5088
1529,285,85,72,128,25.2632,44.9123
1530,282,82,69,131,24.4681,46.4539
1531,285,82,71,132,24.9123,46.3158
1532,285,84,65,136,22.8070,47.7193
1533,285,87,64,134,22.4561,47.0175
1534,284,91,64,129,22.5352,45.4225
1535,283,93,62,128,21.9081,45.2297
1536,283,96,62,125,21.9081,44.1696
1537,279,96,60,123,21.5054,44.0860
1538,282,97,64,121,22.6950,42.9078
1539,282,95,66,121,23.4043,42.9078
1540,282,93,68,121,24.1135,42.9078
1541,281,93,68,120,24.1993,42.7046
1542,285,100,68,117,23.8596,41.0526
1543,289,96,75,118,25.9516,40.8304
1544,291,97,72,122,24.7423,41.9244
1545,290,98,67,125,23.1034,43.1034
1546,293,101,69,123,23.5495,41.9795
1547,292,101,69,122,23.6301,41.7808
1548,297,111,68,118,22.8956,39.7306
1549,300,110,71,119,23.6667,39.6667
1550,297,112,68,117,22.8956,39.3939
1551,296,115,70,111,23.6486,37.5000
1552,298,120,66,112,22.1477,37.5839
1553,299,121,67,111,22.4080,37.1237
1554,301,121,71,109,23.5880,36.2126
1555,301,117,74,110,24.5847,36.5449
1556,300,115,75,110,25.0000,36.6667
1557,298,116,75,107,25.1678,35.9060
1558,299,115,76,108,25.4181,36.1204
1559,296,112,75,109,25.3378,36.8243
1560,297,112,74,111,24.9158,37.3737
1561,297,116,72,109,24.2424,36.7003
1562,298,119,73,106,24.4966,35.5705
1563,300,119,71,110,23.6667,36.6667
1564,295,117,65,113,22.0339,38.3051
1565,295,118,68,109,23.0508,36.9492
1566,295,111,72,112,24.4068,37.9661
1567,298,110,74,114,24.8322,38.2550
1568,298,107,77,114,25.8389,38.2550
1569,294,108,73,113,24.8299,38.4354
1570,295,111,73,111,24.7458,37.6271
1571,296,110,76,110,25.6757,37.1622
1572,297,113,76,108,25.5892,36.3636
1573,297,112,78,107,26.2626,36.0269
1574,299,114,78,107,26.0870,35.7860
1575,298,117,72,109,24.1611,36.5772
1576,299,124,70,105,23.4114,35.1171
1577,301,121,77,103,25.5814,34.2193
1578,298,121,75,102,25.1678,34.2282
1579,299,124,71,104,23.7458,34.7826
1580,299,128,70,101,23.4114,33.7793
1581,301,129,73,99,24.2525,32.8904
1582,301,126,75,100,24.9169,33.2226
1583,298,123,75,100,25.1678,33.5570
1584,301,128,77,96,25.5814,31.8937
1585,299,124,79,96,26.4214,32.1070
1586,303,126,77,100,25.4125,33.0033
1587,299,125,73,101,24.4147,33.7793
1588,299,125,72,102,24.0803,34.1137
1589,299,126,70,103,23.4114,34.4482
1590,300,121,75,104,25.0000,34.6667
1591,299,119,75,105,25.0836,35.1171
1592,303,119,79,105,26.0726,34.6535
1593,301,114,80,107,26.5781,35.5482
1594,299,113,81,105,27.0903,35.1171
1595,300,114,82,104,27.3333,34.6667
1596,299,112,87,100,29.0970,33.4448
1597,300,110,93,97,31.0000,32.3333
1598,294,106,90,98,30.6122,33.3333
1599,295,108,90,97,30.5085,32.8814
1600,294,107,92,95,31.2925,32.3129
1601,295,112,90,93,30.5085,31.5254
1602,291,110,87,94,29.8969,32.3024
1603,291,109,85,97,29.2096,33.3333
1604,290,110,85,95,29.3103,32.7586
1605,290,107,87,96,30.0000,33.1034
1606,290,108,83,99,28.6207,34.1379
1607,290,108,85,97,29.3103,33.4483
1608,290,108,86,96,29.6552,33.1034
1609,292,107,89,96,30.4795,32.8767
1610,292,106,92,94,31.5068,32.1918
1611,289,106,85,98,29.4118,33.9100
1612,286,107,82,97,28.6713,33.9161
1613,288,108,84,96,29.1667,33.3333
1614,285,106,83,96,29.1228,33.6842
1615,283,109,84,90,29.6820,31.8021
1616,284,108,85,91,29.9296,32.0423
1617,284,103,87,94,30.6338,33.0986
1618,281,103,82,96,29.1815,34.1637
1619,282,106,80,96,28.3688,34.0426
1620,283,103,83,97,29.3286,34.2756
1621,281,98,85,98,30.2491,34.8754
1622,281,94,88,99,31.3167,35.2313
1623,283,91,92,100,32.5088,35.3357
1624,280,90,90,100,32.1429,35.7143
1625,281,91,88,102,31.3167,36.2989
1626,279,91,89,99,31.8996,35.4839
1627,278,89,92,97,33.0935,34.8921
1628,282,93,94,95,33.3333,33.6879
1629,282,93,92,97,32.6241,34.3972
1630,281,89,95,97,33.8078,34.5196
1631,284,93,94,97,33.0986,34.1549
1632,288,96,94,98,32.6389,34.0278
1633,288,94,97,97,33.6806,33.6806
1634,288,93,98,97,34.0278,33.6806
1635,289,94,96,99,33.2180,34.2561
1636,289,91,96,102,33.2180,35.2941
1637,286,90,90,106,31.4685,37.0629
1638,289,94,92,103,31.8339,35.6401
1639,289,92,94,103,32.5260,35.6401
1640,290,88,97,105,33.4483,36.2069
1641,290,87,97,106,33.4483,36.5517
1642,288,89,92,107,31.9444,37.1528
1643,286,91,88,107,30.7692,37.4126
1644,285,93,85,107,29.8246,37.5439
1645,286,95,85,106,29.7203,37.0629
1646,286,91,87,108,30.4196,37.7622
1647,286,92,83,111,29.0210,38.8112
1648,290,90,85,115,29.3103,39.6552
1649,287,87,85,115,29.6167,40.0697
1650,287,88,84,115,29.2683,40.0697
1651,287,86,82,119,28.5714,41.4634
1652,287,83,84,120,29.2683,41.8118
1653,287,83,83,121,28.9199,42.1603
1654,285,85,77,123,27.0175,43.1579
1655,292,93,77,122,26.3699,41.7808
1656,290,94,75,121,25.8621,41.7241
1657,287,96,72,119,25.0871,41.4634
1658,287,96,75,116,26.1324,40.4181
1659,289,94,77,118,26.6436,40.8304
1660,286,90,76,120,26.5734,41.9580
1661,286,91,71,124,24.8252,43.3566
1662,288,91,70,127,24.3056,44.0972
1663,289,96,71,122,24.5675,42.2145
1664,290,95,74,121,25.5172,41.7241
1665,293,98,74,121,25.2560,41.2969
1666,295,100,71,124,24.0678,42.0339
1667,297,102,70,125,23.5690,42.0875
1668,297,106,66,125,22.2222,42.0875
1669,295,106,65,124,22.0339,42.0339
1670,297,108,67,122,22.5589,41.0774
1671,298,112,66,120,22.1477,40.2685
1672,294,114,60,120,20.4082,40.8163
1673,292,115,58,119,19.8630,40.7534
1674,291,114,61,116,20.9622,39.8625
1675,291,111,65,115,22.3368,39.5189
1676,290,109,67,114,23.1034,39.3103
1677,288,112,65,111,22.5694,38.5417
1678,289,111,65,113,22.4913,39.1003
1679,287,108,66,113,22.9965,39.3728
1680,283,104,63,116,22.2615,40.9894
1681,286,108,64,114,22.3776,39.8601
1682,288,109,66,113,22.9167,39.2361
1683,294,117,65,112,22.1088,38.0952
1684,297,122,64,111,21.5488,37.3737
1685,300,121,68,111,22.6667,37.0000
1686,299,120,70,109,23.4114,36.4548
1687,303,125,71,107,23.4323,35.3135
1688,303,125,74,104,24.4224,34.3234
1689,300,126,71,103,23.6667,34.3333
1690,299,125,71,103,23.7458,34.4482
1691,298,128,67,103,22.4832,34.5638
1692,298,123,75,100,25.1678,33.5570
1693,301,123,80,98,26.5781,32.5581
1694,297,125,75,97,25.2525,32.6599
1695,296,126,75,95,25.3378,32.0946
1696,295,126,72,97,24.4068,32.8814
1697,296,124,75,97,25.3378,32.7703
1698,297,124,77,96,25.9259,32.3232
1699,299,127,79,93,26.4214,31.1037
1700,296,122,82,92,27.7027,31.0811
1701,296,123,80,93,27.0270,31.4189
1702,295,121,83,91,28.1356,30.8475
1703,293,118,88,87,30.0341,29.6928
1704,294,116,93,85,31.6327,28.9116
1705,292,116,88,88,30.1370,30.1370
1706,291,118,87,86,29.8969,29.5533
1707,297,124,88,85,29.6296,28.6195
1708,299,119,92,88,30.7692,29.4314
1709,302,115,96,91,31.7881,30.1325
1710,298,114,93,91,31.2081,30.5369
1711,300,110,102,88,34.0000,29.3333
1712,299,106,103,90,34.4482,30.1003
1713,297,108,100,89,33.6700,29.9663
1714,295,109,101,85,34.2373,28.8136
1715,295,107,104,84,35.2542,28.4746
1716,295,103,108,84,36.6102,28.4746
1717,292,102,106,84,36.3014,28.7671
1718,292,105,105,82,35.9589,28.0822
1719,291,101,106,84,36.4261,28.8660
1720,292,107,102,83,34.9315,28.4247
1721,287,106,98,83,34.1463,28.9199
1722,287,101,104,82,36.2369,28.5714
1723,289,95,108,86,37.3702,29.7578
1724,286,96,99,91,34.6154,31.8182
1725,285,89,103,93,36.1404,32.6316
1726,284,85,104,95,36.6197,33.4507
1727,284,85,104,95,36.6197,33.4507
1728,285,82,104,99,36.4912,34.7368
1729,285,81,102,102,35.7895,35.7895
1730,283,81,98,104,34.6290,36.7491
1731,280,81,95,104,33.9286,37.1429
1732,281,83,94,104,33.4520,37.0107
1733,278,84,87,107,31.2950,38.4892
1734,278,83,88,107,31.6547,38.4892
1735,277,83,88,106,31.7690,38.2671
1736,274,81,85,108,31.0219,39.4161
1737,275,82,85,108,30.9091,39.2727
1738,277,84,86,107,31.0469,38.6282
1739,275,82,87,106,31.6364,38.5455
1740,273,83,82,108,30.0366,39.5604
1741,274,79,89,106,32.4818,38.6861
1742,274,82,83,109,30.2920,39.7810
1743,270,84,76,110,28.1481,40.7407
1744,266,82,71,113,26.6917,42.4812
1745,265,80,68,117,25.6604,44.1509
1746,266,84,66,116,24.8120,43.6090
1747,264,83,63,118,23.8636,44.6970
1748,267,87,63,117,23.5955,43.8202
1749,271,91,62,118,22.8782,43.5424
1750,271,92,59,120,21.7712,44.2804
1751,273,93,61,119,22.3443,43.5897
1752,276,96,62,118,22.4638,42.7536
1753,276,99,60,117,21.7391,42.3913
1754,275,93,64,118,23.2727,42.9091
1755,276,93,66,117,23.9130,42.3913
1756,273,92,63,118,23.0769,43.2234
1757,276,99,61,116,22.1014,42.0290
1758,275,102,55,118,20.0000,42.9091
1759,274,102,54,118,19.7080,43.0657
1760,273,107,51,115,18.6813,42.1245
1761,272,109,50,113,18.3824,41.5441
1762,270,106,50,114,18.5185,42.2222
1763,272,105,53,114,19.4853,41.9118
1764,272,108,53,111,19.4853,40.8088
1765,274,113,54,107,19.7080,39.0511
1766,275,108,57,110,20.7273,40.0000
1767,276,108,56,112,20.2899,40.5797
1768,278,107,58,113,20.8633,40.6475
1769,279,110,55,114,19.7133,40.8602
1770,280,109,59,112,21.0714,40.0000
1771,283,115,56,112,19.7880,39.5760
1772,282,117,54,111,19.1489,39.3617
1773,282,119,54,109,19.1489,38.6525
1774,280,116,57,107,20.3571,38.2143
1775,280,118,54,108,19.2857,38.5714
1776,282,122,55,105,19.5035,37.2340
1777,282,120,57,105,20.2128,37.2340
1778,285,123,59,103,20.7018,36.1404
1779,289,125,62,102,21.4533,35.2941
1780,293,131,64,98,21.8430,33.4471
1781,295,135,64,96,21.6949,32.5424
1782,295,139,63,93,21.3559,31.5254
1783,293,140,60,93,20.4778,31.7406
1784,291,141,60,90,20.6186,30.9278
1785,295,146,62,87,21.0169,29.4915
1786,294,144,62,88,21.0884,29.9320
1787,293,143,62,88,21.1604,30.0341
1788,292,147,59,86,20.2055,29.4521
1789,292,144,63,85,21.5753,29.1096
1790,294,144,65,85,22.1088,28.9116
1791,293,139,68,86,23.2082,29.3515
1792,296,143,70,83,23.6486,28.0405
1793,297,144,70,83,23.5690,27.9461
1794,298,144,72,82,24.1611,27.5168
1795,301,149,71,81,23.5880,26.9103
1796,297,149,70,78,23.5690,26.2626
1797,300,153,71,76,23.6667,25.3333
1798,299,146,76,77,25.4181,25.7525
1799,298,142,78,78,26.1745,26.1745
1800,299,143,79,77,26.4214,25.7525
1801,301,142,84,75,27.9070,24.9169
1802,300,140,88,72,29.3333,24.0000
1803,298,133,91,74,30.5369,24.8322
1804,298,131,95,72,31.8792,24.1611
1805,299,131,95,73,31.7726,24.4147
1806,299,129,96,74,32.1070,24.7492
1807,299,128,96,75,32.1070,25.0836
1808,300,125,98,77,32.6667,25.6667
1809,297,122,99,76,33.3333,25.5892
1810,298,120,104,74,34.8993,24.8322
1811,299,118,105,76,35.1171,25.4181
1812,298,114,105,79,35.2349,26.5101
1813,298,113,104,81,34.8993,27.1812
1814,299,113,102,84,34.1137,28.0936
1815,300,111,104,85,34.6667,28.3333
1816,300,107,108,85,36.0000,28.3333
1817,297,99,112,86,37.7104,28.9562
1818,295,97,111,87,37.6271,29.4915
1819,295,92,115,88,38.9831,29.8305
1820,299,93,115,91,38.4615,30.4348
1821,298,88,118,92,39.5973,30.8725
1822,297,88,114,95,38.3838,31.9865
1823,294,90,110,94,37.4150,31.9728
1824,294,91,109,94,37.0748,31.9728
1825,291,84,111,96,38.1443,32.9897
1826,292,82,111,99,38.0137,33.9041
1827,291,84,112,95,38.4880,32.6460
1828,293,89,107,97,36.5188,33.1058
1829,294,89,107,98,36.3946,33.3333
1830,289,84,105,100,36.3322,34.6021
1831,289,84,101,104,34.9481,35.9862
1832,288,80,101,107,35.0694,37.1528
1833,289,83,98,108,33.9100,37.3702
1834,290,84,97,109,33.4483,37.5862
1835,289,79,100,110,34.6021,38.0623
1836,287,79,93,115,32.4042,40.0697
1837,287,78,90,119,31.3589,41.4634
1838,293,86,86,121,29.3515,41.2969
1839,294,90,80,124,27.2109,42.1769
1840,293,94,74,125,25.2560,42.6621
1841,294,97,68,129,23.1293,43.8776
1842,291,96,65,130,22.3368,44.6735
1843,290,96,62,132,21.3793,45.5172
1844,294,101,59,134,20.0680,45.5782
1845,297,104,58,135,19.5286,45.4545
1846,297,105,57,135,19.1919,45.4545
1847,299,109,52,138,17.3913,46.1538
1848,301,105,56,140,18.6047,46.5116
1849,300,103,58,139,19.3333,46.3333
1850,296,104,55,137,18.5811,46.2838
1851,295,105,54,136,18.3051,46.1017
1852,298,107,57,134,19.1275,44.9664
1853,301,109,57,135,18.9369,44.8505
1854,301,107,57,137,18.9369,45.5150
1855,301,109,53,139,17.6080,46.1794
1856,298,105,52,141,17.4497,47.3154
1857,301,105,58,138,19.2691,45.8472
1858,300,104,59,137,19.6667,45.6667
1859,300,104,59,137,19.6667,45.6667
1860,297,106,55,136,18.5185,45.7912
1861,300,109,56,135,18.6667,45.0000
1862,299,108,58,133,19.3980,44.4816
1863,301,114,56,131,18.6047,43.5216
1864,301,116,56,129,18.6047,42.8571
1865,301,118,55,128,18.2724,42.5249
1866,299,119,56,124,18.7291,41.4716
1867,300,122,53,125,17.6667,41.6667
1868,299,123,50,126,16.7224,42.1405
1869,297,123,44,130,14.8148,43.7710
1870,298,120,51,127,17.1141,42.6174
1871,296,119,52,125,17.5676,42.2297
1872,294,120,53,121,18.0272,41.1565
1873,294,124,51,119,17.3469,40.4762
1874,297,131,49,117,16.4983,39.3939
1875,299,133,51,115,17.0569,38.4615
1876,303,135,54,114,17.8218,37.6238
1877,302,134,52,116,17.2185,38.4106
1878,295,133,49,113,16.6102,38.3051
1879,299,134,53,112,17.7258,37.4582
1880,299,137,55,107,18.3946,35.7860
1881,304,142,56,106,18.4211,34.8684
1882,301,137,60,104,19.9336,34.5515
1883,301,137,63,101,20.9302,33.5548
1884,301,134,68,99,22.5914,32.8904
1885,300,130,72,98,24.0000,32.6667
1886,300,125,76,99,25.3333,33.0000
1887,300,124,80,96,26.6667,32.0000
1888,299,125,83,91,27.7592,30.4348
1889,300,122,90,88,30.0000,29.3333
1890,296,120,92,84,31.0811,28.3784
1891,293,126,84,83,28.6689,28.3276
1892,296,128,89,79,30.0676,26.6892
1893,296,128,91,77,30.7432,26.0135
1894,297,126,94,77,31.6498,25.9259
1895,298,126,97,75,32.5503,25.1678
1896,298,124,100,74,33.5570,24.8322
1897,301,124,103,74,34.2193,24.5847
1898,299,123,104,72,34.7826,24.0803
1899,296,124,102,70,34.4595,23.6486
1900,298,122,106,70,35.5705,23.4899
1901,296,115,111,70,37.5000,23.6486
1902,297,115,109,73,36.7003,24.5791
1903,295,117,106,72,35.9322,24.4068
1904,296,113,107,76,36.1486,25.6757
1905,295,111,107,77,36.2712,26.1017
1906,289,109,103,77,35.6401,26.6436
1907,292,111,104,77,35.6164,26.3699
1908,292,106,109,77,37.3288,26.3699
1909,292,101,109,82,37.3288,28.0822
1910,288,98,106,84,36.8056,29.1667
1911,291,99,107,85,36.7698,29.2096
1912,293,99,111,83,37.8840,28.3276
1913,288,97,104,87,36.1111,30.2083
1914,288,92,105,91,36.4583,31.5972
1915,286,91,103,92,36.0140,32.1678
1916,282,89,100,93,35.4610,32.9787
1917,283,87,104,92,36.7491,32.5088
1918,280,86,100,94,35.7143,33.5714
1919,281,85,101,95,35.9431,33.8078
1920,278,85,100,93,35.9712,33.4532
1921,276,89,94,93,34.0580,33.6957
1922,273,85,94,94,34.4322,34.4322
1923,273,83,97,93,35.5311,34.0659
1924,269,82,94,93,34.9442,34.5725
1925,269,81,93,95,34.5725,35.3160
1926,266,81,88,97,33.0827,36.4662
1927,265,80,86,99,32.4528,37.3585
1928,264,81,81,102,30.6818,38.6364
1929,263,81,80,102,30.4183,38.7833
1930,261,79,77,105,29.5019,40.2299
1931,261,78,75,108,28.7356,41.3793
1932,260,77,73,110,28.0769,42.3077
1933,261,76,76,109,29.1188,41.7625
1934,262,77,72,113,27.4809,43.1298
1935,263,80,70,113,26.6160,42.9658
1936,264,83,68,113,25.7576,42.8030
1937,264,85,64,115,24.2424,43.5606
1938,267,90,60,117,22.4719,43.8202
1939,269,90,60,119,22.3048,44.2379
1940,268,91,56,121,20.8955,45.1493
1941,271,93,56,122,20.6642,45.0185
1942,268,92,54,122,20.1493,45.5224
1943,273,98,54,121,19.7802,44.3223
1944,272,94,55,123,20.2206,45.2206
1945,273,96,54,123,19.7802,45.0549
1946,274,102,49,123,17.8832,44.8905
1947,277,102,52,123,18.7726,44.4043
1948,276,101,51,124,18.4783,44.9275
1949,277,103,52,122,18.7726,44.0433
1950,275,103,49,123,17.8182,44.7273
1951,279,110,47,122,16.8459,43.7276
1952,280,114,43,123,15.3571,43.9286
1953,281,108,49,124,17.4377,44.1281
1954,281,110,48,123,17.0819,43.7722
1955,280,110,48,122,17.1429,43.5714
1956,282,112,51,119,18.0851,42.1986
1957,282,115,50,117,17.7305,41.4894
1958,283,118,50,115,17.6678,40.6360
1959,285,121,51,113,17.8947,39.6491
1960,285,121,52,112,18.2456,39.2982
1961,285,122,54,109,18.9474,38.2456
1962,284,124,53,107,18.6620,37.6761
1963,283,125,51,107,18.0212,37.8092
1964,284,125,49,110,17.2535,38.7324
1965,284,130,47,107,16.5493,37.6761
1966,284,132,49,103,17.2535,36.2676
1967,283,131,50,102,17.6678,36.0424
1968,284,128,56,100,19.7183,35.2113
1969,284,127,57,100,20.0704,35.2113
1970,282,128,56,98,19.8582,34.7518
1971,283,129,59,95,20.8481,33.5689
1972,284,124,65,95,22.8873,33.4507
1973,282,125,66,91,23.4043,32.2695
1974,281,128,60,93,21.3523,33.0961
1975,283,127,63,93,22.2615,32.8622
1976,286,129,63,94,22.0280,32.8671
1977,285,131,64,90,22.4561,31.5789
1978,287,135,66,86,22.9965,29.9652
1979,289,136,68,85,23.5294,29.4118
1980,289,141,65,83,22.4913,28.7197
1981,287,140,68,79,23.6934,27.5261
1982,287,141,68,78,23.6934,27.1777
1983,291,146,69,76,23.7113,26.1168
1984,291,141,74,76,25.4296,26.1168
1985,294,142,77,75,26.1905,25.5102
1986,296,148,75,73,25.3378,24.6622
1987,295,142,78,75,26.4407,25.4237
1988,295,141,75,79,25.4237,26.7797
1989,297,139,78,80,26.2626,26.9360
1990,295,140,80,75,27.1186,25.4237
1991,294,139,79,76,26.8707,25.8503
1992,294,139,78,77,26.5306,26.1905
1993,295,143,75,77,25.4237,26.1017
1994,297,138,81,78,27.2727,26.2626
1995,297,136,84,77,28.2828,25.9259
1996,296,136,84,76,28.3784,25.6757
1997,296,140,82,74,27.7027,25.0000
1998,295,139,82,74,27.7966,25.0847
1999,295,138,82,75,27.7966,25.4237
2000,297,140,82,75,27.6094,25.2525
2001,296,136,84,76,28.3784,25.6757
2002,294,137,81,76,27.5510,25.8503
2003,294,134,82,78,27.8912,26.5306
2004,297,132,89,76,29.9663,25.5892
2005,292,132,84,76,28.7671,26.0274
2006,293,128,91,74,31.0580,25.2560
2007,296,123,96,77,32.4324,26.0135
2008,293,119,94,80,32.0819,27.3038
2009,291,118,92,81,31.6151,27.8351
2010,294,121,88,85,29.9320,28.9116
2011,295,121,90,84,30.5085,28.4746
2012,291,115,92,84,31.6151,28.8660
2013,293,116,94,83,32.0819,28.3276
2014,293,113,97,83,33.1058,28.3276
2015,294,114,95,85,32.3129,28.9116
2016,291,112,95,84,32.6460,28.8660
2017,295,113,98,84,33.2203,28.4746
2018,299,113,102,84,34.1137,28.0936
2019,296,106,104,86,35.1351,29.0541
2020,297,101,110,86,37.0370,28.9562
2021,302,102,113,87,37.4172,28.8079
2022,300,97,115,88,38.3333,29.3333
2023,299,93,114,92,38.1271,30.7692
2024,298,90,112,96,37.5839,32.2148
2025,296,87,112,97,37.8378,32.7703
2026,295,83,113,99,38.3051,33.5593
2027,294,81,112,101,38.0952,34.3537
2028,292,82,108,102,36.9863,34.9315
2029,292,82,106,104,36.3014,35.6164
2030,294,79,107,108,36.3946,36.7347
2031,296,80,109,107,36.8243,36.1486
2032,297,82,105,110,35.3535,37.0370
2033,294,78,106,110,36.0544,37.4150
2034,294,80,102,112,34.6939,38.0952
2035,296,76,106,114,35.8108,38.5135
2036,295,75,105,115,35.5932,38.9831
2037,294,72,106,116,36.0544,39.4558
2038,298,76,106,116,35.5705,38.9262
2039,297,75,103,119,34.6801,40.0673
2040,297,77,103,117,34.6801,39.3939
2041,293,82,97,114,33.1058,38.9078
2042,292,80,96,116,32.8767,39.7260
2043,291,83,92,116,31.6151,39.8625
2044,293,84,93,116,31.7406,39.5904
2045,292,86,89,117,30.4795,40.0685
2046,290,81,91,118,31.3793,40.6897
2047,288,83,84,121,29.1667,42.0139
2048,286,83,82,121,28.6713,42.3077
2049,284,79,83,122,29.2254,42.9577
2050,285,79,85,121,29.8246,42.4561
2051,285,81,84,120,29.4737,42.1053
2052,285,84,81,120,28.4211,42.1053
2053,282,85,77,120,27.3050,42.5532
2054,284,91,75,118,26.4085,41.5493
2055,284,92,73,119,25.7042,41.9014
2056,290,99,71,120,24.4828,41.3793
2057,285,98,67,120,23.5088,42.1053
2058,284,97,66,121,23.2394,42.6056
2059,284,96,65,123,22.8873,43.3099
2060,283,101,63,119,22.2615,42.0495
2061,282,99,65,118,23.0496,41.8440
2062,282,101,64,117,22.6950,41.4894
2063,286,102,67,117,23.4266,40.9091
2064,288,105,65,118,22.5694,40.9722
2065,288,107,63,118,21.8750,40.9722
2066,290,105,67,118,23.1034,40.6897
2067,294,114,63,117,21.4286,39.7959
2068,295,116,64,115,21.6949,38.9831
2069,296,118,61,117,20.6081,39.5270
2070,294,116,58,120,19.7279,40.8163
2071,292,114,60,118,20.5479,40.4110
2072,291,113,60,118,20.6186,40.5498
2073,292,117,59,116,20.2055,39.7260
2074,295,119,60,116,20.3390,39.3220
2075,296,121,63,112,21.2838,37.8378
2076,296,126,61,109,20.6081,36.8243
2077,298,128,62,108,20.8054,36.2416
2078,299,136,60,103,20.0669,34.4482
2079,295,135,59,101,20.0000,34.2373
2080,296,139,59,98,19.9324,33.1081
2081,296,139,58,99,19.5946,33.4459
2082,291,140,53,98,18.2131,33.6770
2083,293,140,54,99,18.4300,33.7884
2084,297,147,52,98,17.5084,32.9966
2085,301,147,56,98,18.6047,32.5581
2086,298,148,54,96,18.1208,32.2148
2087,298,150,53,95,17.7852,31.8792
2088,299,151,54,94,18.0602,31.4381
2089,300,149,58,93,19.3333,31.0000
2090,299,149,58,92,19.3980,30.7692
2091,299,153,59,87,19.7324,29.0970
2092,297,145,67,85,22.5589,28.6195
2093,300,143,71,86,23.6667,28.6667
2094,299,143,70,86,23.4114,28.7625
2095,299,144,70,85,23.4114,28.4281
2096,299,146,70,83,23.4114,27.7592
2097,302,147,72,83,23.8411,27.4834
2098,300,147,72,81,24.0000,27.0000
2099,298,146,76,76,25.5034,25.5034
2100,299,144,79,76,26.4214,25.4181
2101,300,140,85,75,28.3333,25.0000
2102,298,130,93,75,31.2081,25.1678
2103,302,130,96,76,31.7881,25.1656
2104,301,127,98,76,32.5581,25.2492
2105,299,122,101,76,33.7793,25.4181
2106,299,115,106,78,35.4515,26.0870
2107,301,117,111,73,36.8771,24.2525
2108,299,111,117,71,39.1304,23.7458
2109,296,107,120,69,40.5405,23.3108
2110,294,99,125,70,42.5170,23.8095
2111,296,103,127,66,42.9054,22.2973
2112,293,96,126,71,43.0034,24.2321
2113,290,91,123,76,42.4138,26.2069
2114,289,92,124,73,42.9066,25.2595
2115,288,90,125,73,43.4028,25.3472
2116,290,92,124,74,42.7586,25.5172
2117,291,90,125,76,42.9553,26.1168
2118,289,84,128,77,44.2907,26.6436
2119,288,82,130,76,45.1389,26.3889
2120,286,76,132,78,46.1538,27.2727
2121,283,74,130,79,45.9364,27.9152
2122,280,73,127,80,45.3571,28.5714
2123,279,72,123,84,44.0860,30.1075
2124,278,71,123,84,44.2446,30.2158
2125,275,68,120,87,43.6364,31.6364
2126,272,65,114,93,41.9118,34.1912
2127,272,65,109,98,40.0735,36.0294
2128,272,68,103,101,37.8676,37.1324
2129,269,69,99,101,36.8030,37.5465
2130,266,69,93,104,34.9624,39.0977
2131,266,68,88,110,33.0827,41.3534
2132,266,64,89,113,33.4586,42.4812
2133,267,66,84,117,31.4607,43.8202
2134,267,68,84,115,31.4607,43.0712
2135,265,71,79,115,29.8113,43.3962
2136,266,76,78,112,29.3233,42.1053
2137,267,77,76,114,28.4644,42.6966
2138,265,76,76,113,28.6792,42.6415
2139,260,76,71,113,27.3077,43.4615
2140,260,78,64,118,24.6154,45.3846
2141,260,80,60,120,23.0769,46.1538
2142,261,81,59,121,22.6054,46.3602
2143,261,81,55,125,21.0728,47.8927
2144,262,80,57,125,21.7557,47.7099
2145,263,82,54,127,20.5323,48.2890
2146,264,82,54,128,20.4545,48.4848
2147,263,83,51,129,19.3916,49.0494
2148,265,86,51,128,19.2453,48.3019
2149,267,87,54,126,20.2247,47.1910
2150,268,84,58,126,21.6418,47.0149
2151,270,87,54,129,20.0000,47.7778
2152,272,86,55,131,20.2206,48.1618
2153,269,86,50,133,18.5874,49.4424
2154,270,86,52,132,19.2593,48.8889
2155,270,86,52,132,19.2593,48.8889
2156,271,89,52,130,19.1882,47.9705
2157,272,90,52,130,19.1176,47.7941
2158,275,95,50,130,18.1818,47.2727
2159,279,99,48,132,17.2043,47.3118
2160,278,99,46,133,16.5468,47.8417
2161,282,102,47,133,16.6667,47.1631
2162,283,102,49,132,17.3145,46.6431
2163,283,102,47,134,16.6078,47.3498
2164,289,113,47,129,16.2630,44.6367
2165,291,122,43,126,14.7766,43.2990
2166,295,124,42,129,14.2373,43.7288
2167,296,123,44,129,14.8649,43.5811
2168,296,122,47,127,15.8784,42.9054
2169,294,124,44,126,14.9660,42.8571
2170,296,126,45,125,15.2027,42.2297
2171,293,129,41,123,13.9932,41.9795
2172,295,131,39,125,13.2203,42.3729
2173,297,136,38,123,12.7946,41.4141
2174,300,141,40,119,13.3333,39.6667
2175,298,144,37,117,12.4161,39.2617
2176,301,147,35,119,11.6279,39.5349
2177,299,148,35,116,11.7057,38.7960
2178,303,156,38,109,12.5413,35.9736
2179,303,157,41,105,13.5314,34.6535
2180,302,159,42,101,13.9073,33.4437
2181,300,158,41,101,13.6667,33.6667
2182,300,160,41,99,13.6667,33.0000
2183,299,163,41,95,13.7124,31.7726
2184,303,165,46,92,15.1815,30.3630
2185,303,167,50,86,16.5017,28.3828
2186,303,164,54,85,17.8218,28.0528
2187,300,164,52,84,17.3333,28.0000
2188,298,159,54,85,18.1208,28.5235
2189,295,158,54,83,18.3051,28.1356
2190,295,159,53,83,17.9661,28.1356
2191,294,156,57,81,19.3878,27.5510
2192,298,164,60,74,20.1342,24.8322
2193,299,165,61,73,20.4013,24.4147
2194,300,166,63,71,21.0000,23.6667
2195,299,166,65,68,21.7391,22.7425
2196,301,168,65,68,21.5947,22.5914
2197,301,167,70,64,23.2558,21.2625
2198,301,166,71,64,23.5880,21.2625
2199,300,165,72,63,24.0000,21.0000
2200,298,158,76,64,25.5034,21.4765
2201,301,160,77,64,25.5814,21.2625
2202,300,155,80,65,26.6667,21.6667
2203,298,152,83,63,27.8523,21.1409
2204,299,150,84,65,28.0936,21.7391
2205,304,156,82,66,26.9737,21.7105
2206,303,146,86,71,28.3828,23.4323
2207,303,144,89,70,29.3729,23.1023
2208,303,142,87,74,28.7129,24.4224
2209,302,139,86,77,28.4768,25.4967
2210,301,135,90,76,29.9003,25.2492
2211,300,132,92,76,30.6667,25.3333
2212,299,127,95,77,31.7726,25.7525
2213,300,125,95,80,31.6667,26.6667
2214,297,121,97,79,32.6599,26.5993
2215,299,124,98,77,32.7759,25.7525
2216,298,118,102,78,34.2282,26.1745
2217,299,116,105,78,35.1171,26.0870
2218,302,119,107,76,35.4305,25.1656
2219,300,114,108,78,36.0000,26.0000
2220,297,109,109,79,36.7003,26.5993
2221,297,112,105,80,35.3535,26.9360
2222,295,110,103,82,34.9153,27.7966
2223,294,105,106,83,36.0544,28.2313
2224,290,109,99,82,34.1379,28.2759
2225,290,105,103,82,35.5172,28.2759
2226,288,102,102,84,35.4167,29.1667
2227,289,98,104,87,35.9862,30.1038
2228,290,96,107,87,36.8966,30.0000
2229,292,95,109,88,37.3288,30.1370
2230,296,96,108,92,36.4865,31.0811
2231,297,96,108,93,36.3636,31.3131
2232,295,90,108,97,36.6102,32.8814
2233,297,91,108,98,36.3636,32.9966
2234,297,94,106,97,35.6902,32.6599
2235,292,91,104,97,35.6164,33.2192
2236,291,84,107,100,36.7698,34.3643
2237,285,82,100,103,35.0877,36.1404
2238,283,77,101,105,35.6890,37.1025
2239,284,75,103,106,36.2676,37.3239
2240,284,78,97,109,34.1549,38.3803
2241,283,74,97,112,34.2756,39.5760
2242,280,70,98,112,35.0000,40.0000
2243,281,69,98,114,34.8754,40.5694
2244,285,72,96,117,33.6842,41.0526
2245,285,70,96,119,33.6842,41.7544
2246,287,73,89,125,31.0105,43.5540
2247,286,72,87,127,30.4196,44.4056
2248,285,73,83,129,29.1228,45.2632
2249,283,72,78,133,27.5618,46.9965
2250,285,77,74,134,25.9649,47.0175
2251,287,78,74,135,25.7840,47.0383
2252,284,77,70,137,24.6479,48.2394
2253,285,79,67,139,23.5088,48.7719
2254,287,82,65,140,22.6481,48.7805
2255,286,84,63,139,22.0280,48.6014
2256,288,89,62,137,21.5278,47.5694
2257,289,93,59,137,20.4152,47.4048
2258,288,92,62,134,21.5278,46.5278
2259,288,95,57,136,19.7917,47.2222
2260,288,99,56,133,19.4444,46.1806
2261,288,103,55,130,19.0972,45.1389
2262,287,103,52,132,18.1185,45.9930
2263,289,104,54,131,18.6851,45.3287
2264,292,111,50,131,17.1233,44.8630
2265,291,112,49,130,16.8385,44.6735
2266,292,112,49,131,16.7808,44.8630
2267,293,111,50,132,17.0648,45.0512
2268,295,112,52,131,17.6271,44.4068
2269,295,111,56,128,18.9831,43.3898
2270,295,112,55,128,18.6441,43.3898
2271,296,112,58,126,19.5946,42.5676
2272,296,112,58,126,19.5946,42.5676
2273,296,113,59,124,19.9324,41.8919
2274,293,114,58,121,19.7952,41.2969
2275,298,119,59,120,19.7987,40.2685
2276,302,126,56,120,18.5430,39.7351
2277,301,125,56,120,18.6047,39.8671
2278,299,121,58,120,19.3980,40.1338
2279,299,125,59,115,19.7324,38.4615
2280,299,126,61,112,20.4013,37.4582
2281,302,122,68,112,22.5166,37.0861
2282,301,121,71,109,23.5880,36.2126
2283,298,120,70,108,23.4899,36.2416
2284,298,122,71,105,23.8255,35.2349
2285,299,124,72,103,24.0803,34.4482
2286,302,127,71,104,23.5099,34.4371
2287,300,127,71,102,23.6667,34.0000
2288,298,127,70,101,23.4899,33.8926
2289,299,134,67,98,22.4080,32.7759
2290,297,134,66,97,22.2222,32.6599
2291,297,130,70,97,23.5690,32.6599
2292,298,137,68,93,22.8188,31.2081
2293,297,138,67,92,22.5589,30.9764
2294,298,138,67,93,22.4832,31.2081
2295,300,141,68,91,22.6667,30.3333
2296,300,142,69,89,23.0000,29.6667
2297,300,140,73,87,24.3333,29.0000
2298,300,142,73,85,24.3333,28.3333
2299,297,141,69,87,23.2323,29.2929
2300,300,141,74,85,24.6667,28.3333
2301,296,141,70,85,23.6486,28.7162
2302,298,141,74,83,24.8322,27.8523
2303,296,143,68,85,22.9730,28.7162
2304,302,150,69,83,22.8477,27.4834
2305,299,152,67,80,22.4080,26.7559
2306,300,154,68,78,22.6667,26.0000
2307,298,147,73,78,24.4966,26.1745
2308,299,146,75,78,25.0836,26.0870
2309,301,148,78,75,25.9136,24.9169
2310,300,148,77,75,25.6667,25.0000
2311,296,148,74,74,25.0000,25.0000
2312,296,145,78,73,26.3514,24.6622
2313,297,145,78,74,26.2626,24.9158
2314,296,145,78,73,26.3514,24.6622
2315,296,144,79,73,26.6892,24.6622
2316,298,146,81,71,27.1812,23.8255
2317,298,146,80,72,26.8456,24.1611
2318,299,142,83,74,27.7592,24.7492
2319,299,141,85,73,28.4281,24.4147
2320,299,140,83,76,27.7592,25.4181
2321,297,133,86,78,28.9562,26.2626
2322,302,135,85,82,28.1457,27.1523
2323,300,134,83,83,27.6667,27.6667
2324,300,128,89,83,29.6667,27.6667
2325,298,125,91,82,30.5369,27.5168
2326,299,120,95,84,31.7726,28.0936
2327,298,116,96,86,32.2148,28.8591
2328,299,119,93,87,31.1037,29.0970
2329,297,115,96,86,32.3232,28.9562
2330,293,115,92,86,31.3993,29.3515
2331,292,113,93,86,31.8493,29.4521
2332,292,109,97,86,33.2192,29.4521
2333,289,102,98,89,33.9100,30.7958
2334,294,101,102,91,34.6939,30.9524
2335,296,102,101,93,34.1216,31.4189
2336,300,100,106,94,35.3333,31.3333
2337,298,98,104,96,34.8993,32.2148
2338,297,94,108,95,36.3636,31.9865
2339,295,88,107,100,36.2712,33.8983
2340,296,91,105,100,35.4730,33.7838
2341,297,94,102,101,34.3434,34.0067
2342,295,91,101,103,34.2373,34.9153
2343,298,93,100,105,33.5570,35.2349
2344,295,91,96,108,32.5424,36.6102
2345,294,93,93,108,31.6327,36.7347
2346,294,90,95,109,32.3129,37.0748
2347,293,89,93,111,31.7406,37.8840
2348,290,88,91,111,31.3793,38.2759
2349,290,85,94,111,32.4138,38.2759
2350,292,93,88,111,30.1370,38.0137
2351,295,100,89,106,30.1695,35.9322
2352,295,105,81,109,27.4576,36.9492
2353,294,109,80,105,27.2109,35.7143
2354,292,113,72,107,24.6575,36.6438
2355,292,117,68,107,23.2877,36.6438
2356,292,118,65,109,22.2603,37.3288
2357,293,117,65,111,22.1843,37.8840
2358,290,118,59,113,20.3448,38.9655
2359,291,117,58,116,19.9313,39.8625
2360,289,119,54,116,18.6851,40.1384
2361,289,118,53,118,18.3391,40.8304
2362,288,115,55,118,19.0972,40.9722
2363,290,118,54,118,18.6207,40.6897
2364,291,117,56,118,19.2440,40.5498
2365,292,118,55,119,18.8356,40.7534
2366,293,123,53,117,18.0887,39.9317
2367,295,125,53,117,17.9661,39.6610
2368,295,125,51,119,17.2881,40.3390
2369,296,130,48,118,16.2162,39.8649
2370,298,136,47,115,15.7718,38.5906
2371,301,137,50,114,16.6113,37.8738
2372,299,136,51,112,17.0569,37.4582
2373,301,135,55,111,18.2724,36.8771
2374,301,140,55,106,18.2724,35.2159
2375,300,136,60,104,20.0000,34.6667
2376,299,135,59,105,19.7324,35.1171
2377,300,133,60,107,20.0000,35.6667
2378,297,134,58,105,19.5286,35.3535
2379,294,134,57,103,19.3878,35.0340
2380,295,135,61,99,20.6780,33.5593
2381,296,131,66,99,22.2973,33.4459
2382,295,131,65,99,22.0339,33.5593
2383,297,128,70,99,23.5690,33.3333
2384,298,124,72,102,24.1611,34.2282
2385,300,122,76,102,25.3333,34.0000
2386,299,120,78,101,26.0870,33.7793
2387,301,124,78,99,25.9136,32.8904
2388,299,123,79,97,26.4214,32.4415
2389,301,121,85,95,28.2392,31.5615
2390,299,118,87,94,29.0970,31.4381
2391,302,118,95,89,31.4570,29.4702
2392,300,117,93,90,31.0000,30.0000
2393,299,107,101,91,33.7793,30.4348
2394,300,111,100,89,33.3333,29.6667
2395,299,109,103,87,34.4482,29.0970
2396,296,107,104,85,35.1351,28.7162
2397,296,106,105,85,35.4730,28.7162
2398,299,107,108,84,36.1204,28.0936
2399,301,105,114,82,37.8738,27.2425
2400,298,97,119,82,39.9329,27.5168
2401,295,89,123,83,41.6949,28.1356
2402,294,89,120,85,40.8163,28.9116
2403,295,88,121,86,41.0169,29.1525
2404,292,85,122,85,41.7808,29.1096
2405,291,81,123,87,42.2680,29.8969
2406,292,87,118,87,40.4110,29.7945
2407,290,90,117,83,40.3448,28.6207
2408,290,88,121,81,41.7241,27.9310
2409,291,89,117,85,40.2062,29.2096
2410,288,87,117,84,40.6250,29.1667
2411,286,83,118,85,41.2587,29.7203
2412,283,86,112,85,39.5760,30.0353
2413,280,82,112,86,40.0000,30.7143
2414,282,88,107,87,37.9433,30.8511
2415,283,87,108,88,38.1625,31.0954
2416,283,86,105,92,37.1025,32.5088
2417,284,85,109,90,38.3803,31.6901
2418,282,82,108,92,38.2979,32.6241
2419,278,83,102,93,36.6906,33.4532
2420,279,87,97,95,34.7670,34.0502
2421,277,89,92,96,33.2130,34.6570
2422,276,85,93,98,33.6957,35.5072
2423,277,84,92,101,33.2130,36.4621
2424,276,85,89,102,32.2464,36.9565
2425,274,87,80,107,29.1971,39.0511
2426,273,86,79,108,28.9377,39.5604
2427,273,87,75,111,27.4725,40.6593
2428,271,89,72,110,26.5683,40.5904
2429,270,85,77,108,28.5185,40.0000
2430,270,82,78,110,28.8889,40.7407
2431,272,82,77,113,28.3088,41.5441
2432,272,80,75,117,27.5735,43.0147
2433,269,78,73,118,27.1375,43.8662
2434,266,81,69,116,25.9398,43.6090
2435,265,81,67,117,25.2830,44.1509
2436,265,82,69,114,26.0377,43.0189
2437,268,87,65,116,24.2537,43.2836
2438,265,88,61,116,23.0189,43.7736
2439,265,89,61,115,23.0189,43.3962
2440,273,96,62,115,22.7106,42.1245
2441,275,97,60,118,21.8182,42.9091
2442,274,96,57,121,20.8029,44.1606
2443,272,96,53,123,19.4853,45.2206
2444,275,101,53,121,19.2727,44.0000
2445,276,105,52,119,18.8406,43.1159
2446,274,105,51,118,18.6131,43.0657
2447,275,105,53,117,19.2727,42.5455
2448,274,106,53,115,19.3431,41.9708
2449,273,107,51,115,18.6813,42.1245
2450,269,109,45,115,16.7286,42.7509
2451,268,109,42,117,15.6716,43.6567
2452,273,116,38,119,13.9194,43.5897
2453,276,120,37,119,13.4058,43.1159
2454,279,127,38,114,13.6201,40.8602
2455,280,127,40,113,14.2857,40.3571
2456,282,132,38,112,13.4752,39.7163
2457,283,137,36,110,12.7208,38.8693
2458,284,142,34,108,11.9718,38.0282
2459,284,145,31,108,10.9155,38.0282
2460,285,145,32,108,11.2281,37.8947
2461,285,151,32,102,11.2281,35.7895
2462,286,153,31,102,10.8392,35.6643
2463,287,159,30,98,10.4530,34.1463
2464,288,161,30,97,10.4167,33.6806
2465,290,164,32,94,11.0345,32.4138
2466,290,165,33,92,11.3793,31.7241
2467,292,170,33,89,11.3014,30.4795
2468,292,173,33,86,11.3014,29.4521
2469,292,173,32,87,10.9589,29.7945
2470,293,170,37,86,12.6280,29.3515
2471,295,170,41,84,13.8983,28.4746
2472,296,173,42,81,14.1892,27.3649
2473,302,178,45,79,14.9007,26.1589
2474,302,173,50,79,16.5563,26.1589
2475,301,170,53,78,17.6080,25.9136
2476,301,170,53,78,17.6080,25.9136
2477,301,174,55,72,18.2724,23.9203
2478,301,170,59,72,19.6013,23.9203
2479,301,171,61,69,20.2658,22.9236
2480,299,167,65,67,21.7391,22.4080
2481,298,158,71,69,23.8255,23.1544
2482,300,158,74,68,24.6667,22.6667
2483,299,157,77,65,25.7525,21.7391
2484,301,164,76,61,25.2492,20.2658
2485,301,161,79,61,26.2458,20.2658
2486,300,155,81,64,27.0000,21.3333
2487,299,151,86,62,28.7625,20.7358
2488,298,145,91,62,30.5369,20.8054
2489,297,145,96,56,32.3232,18.8552
2490,298,147,94,57,31.5436,19.1275
2491,298,141,99,58,33.2215,19.4631
2492,296,130,106,60,35.8108,20.2703
2493,296,130,108,58,36.4865,19.5946
2494,296,131,107,58,36.1486,19.5946
2495,293,130,106,57,36.1775,19.4539
2496,293,126,108,59,36.8601,20.1365
2497,296,122,116,58,39.1892,19.5946
2498,297,118,118,61,39.7306,20.5387
2499,295,111,123,61,41.6949,20.6780
2500,295,106,127,62,43.0508,21.0169
2501,295,103,123,69,41.6949,23.3898
2502,294,99,124,71,42.1769,24.1497
2503,293,94,129,70,44.0273,23.8908
2504,296,92,137,67,46.2838,22.6351
2505,295,86,141,68,47.7966,23.0508
2506,296,85,142,69,47.9730,23.3108
2507,293,81,140,72,47.7816,24.5734
2508,295,80,142,73,48.1356,24.7458
2509,290,78,137,75,47.2414,25.8621
2510,288,76,136,76,47.2222,26.3889
2511,286,71,138,77,48.2517,26.9231
2512,279,67,133,79,47.6703,28.3154
2513,282,72,125,85,44.3262,30.1418
2514,281,73,121,87,43.0605,30.9609
2515,280,71,120,89,42.8571,31.7857
2516,279,69,121,89,43.3692,31.8996
2517,277,66,121,90,43.6823,32.4910
2518,278,70,113,95,40.6475,34.1727
2519,280,74,108,98,38.5714,35.0000
2520,278,72,105,101,37.7698,36.3309
2521,278,76,99,103,35.6115,37.0504
2522,278,77,94,107,33.8129,38.4892
2523,274,75,87,112,31.7518,40.8759
2524,271,75,80,116,29.5203,42.8044
2525,269,77,74,118,27.5093,43.8662
2526,268,77,72,119,26.8657,44.4030
2527,266,79,68,119,25.5639,44.7368
2528,264,80,66,118,25.0000,44.6970
2529,267,80,66,121,24.7191,45.3184
2530,267,83,63,121,23.5955,45.3184
2531,263,81,57,125,21.6730,47.5285
2532,261,79,55,127,21.0728,48.6590
2533,263,81,53,129,20.1521,49.0494
2534,264,84,52,128,19.6970,48.4848
2535,265,83,52,130,19.6226,49.0566
2536,266,84,47,135,17.6692,50.7519
2537,268,90,44,134,16.4179,50.0000
2538,268,94,41,133,15.2985,49.6269
2539,269,93,41,135,15.2416,50.1859
2540,271,95,39,137,14.3911,50.5535
2541,271,96,36,139,13.2841,51.2915
2542,271,97,36,138,13.2841,50.9225
2543,273,101,35,137,12.8205,50.1832
2544,273,102,36,135,13.1868,49.4505
2545,275,104,36,135,13.0909,49.0909
2546,275,110,33,132,12.0000,48.0000
2547,275,112,30,133,10.9091,48.3636
2548,273,113,30,130,10.9890,47.6190
2549,273,116,26,131,9.5238,47.9853
2550,275,121,25,129,9.0909,46.9091
2551,276,119,27,130,9.7826,47.1014
2552,277,121,27,129,9.7473,46.5704
2553,280,133,25,122,8.9286,43.5714
2554,282,137,25,120,8.8652,42.5532
2555,285,137,29,119,10.1754,41.7544
2556,287,139,27,121,9.4077,42.1603
2557,294,148,27,119,9.1837,40.4762
2558,297,151,28,118,9.4276,39.7306
2559,299,157,27,115,9.0301,38.4615
2560,301,161,26,114,8.6379,37.8738
2561,301,163,26,112,8.6379,37.2093
2562,301,164,27,110,8.9701,36.5449
2563,301,163,28,110,9.3023,36.5449
2564,301,164,28,109,9.3023,36.2126
2565,301,167,30,104,9.9668,34.5515
2566,301,166,33,102,10.9635,33.8870
2567,301,167,34,100,11.2957,33.2226
2568,300,166,36,98,12.0000,32.6667
2569,300,167,35,98,11.6667,32.6667
2570,300,171,37,92,12.3333,30.6667
2571,299,172,37,90,12.3746,30.1003
2572,302,179,34,89,11.2583,29.4702
2573,302,181,36,85,11.9205,28.1457
2574,301,186,35,80,11.6279,26.5781
2575,299,189,34,76,11.3712,25.4181
2576,299,189,37,73,12.3746,24.4147
2577,300,191,39,70,13.0000,23.3333
2578,299,192,39,68,13.0435,22.7425
2579,300,193,40,67,13.3333,22.3333
2580,299,189,44,66,14.7157,22.0736
2581,301,188,50,63,16.6113,20.9302
2582,300,186,51,63,17.0000,21.0000
2583,299,189,51,59,17.0569,19.7324
2584,301,186,55,60,18.2724,19.9336
2585,300,185,59,56,19.6667,18.6667
2586,296,178,59,59,19.9324,19.9324
2587,299,181,60,58,20.0669,19.3980
2588,300,183,63,54,21.0000,18.0000
2589,300,179,67,54,22.3333,18.0000
2590,299,177,69,53,23.0769,17.7258
2591,303,179,73,51,24.0924,16.8317
2592,301,176,76,49,25.2492,16.2791
2593,301,178,76,47,25.2492,15.6146
2594,300,178,76,46,25.3333,15.3333
2595,299,172,81,46,27.0903,15.3846
2596,296,168,82,46,27.7027,15.5405
2597,299,168,84,47,28.0936,15.7191
2598,301,164,87,50,28.9037,16.6113
2599,300,158,92,50,30.6667,16.6667
2600,299,152,94,53,31.4381,17.7258
2601,301,151,96,54,31.8937,17.9402
2602,297,148,93,56,31.3131,18.8552
2603,297,142,100,55,33.6700,18.5185
2604,297,142,97,58,32.6599,19.5286
2605,296,140,97,59,32.7703,19.9324
2606,297,142,95,60,31.9865,20.2020
2607,293,133,99,61,33.7884,20.8191
2608,291,133,99,59,34.0206,20.2749
2609,291,131,100,60,34.3643,20.6186
2610,292,131,100,61,34.2466,20.8904
2611,294,129,102,63,34.6939,21.4286
2612,295,130,103,62,34.9153,21.0169
2613,296,125,107,64,36.1486,21.6216
2614,298,124,109,65,36.5772,21.8121
2615,299,126,109,64,36.4548,21.4047
2616,299,121,113,65,37.7926,21.7391
2617,299,121,111,67,37.1237,22.4080
2618,296,114,112,70,37.8378,23.6486
2619,296,108,115,73,38.8514,24.6622
2620,292,101,117,74,40.0685,25.3425
2621,289,97,115,77,39.7924,26.6436
2622,287,93,114,80,39.7213,27.8746
2623,286,94,112,80,39.1608,27.9720
2624,282,94,109,79,38.6525,28.0142
2625,285,91,114,80,40.0000,28.0702
2626,284,87,114,83,40.1408,29.2254
2627,286,87,115,84,40.2098,29.3706
2628,282,87,106,89,37.5887,31.5603
2629,283,86,105,92,37.1025,32.5088
2630,279,82,104,93,37.2760,33.3333
2631,279,79,101,99,36.2007,35.4839
2632,276,78,97,101,35.1449,36.5942
2633,279,80,97,102,34.7670,36.5591
2634,280,80,95,105,33.9286,37.5000
2635,282,79,98,105,34.7518,37.2340
2636,278,78,95,105,34.1727,37.7698
2637,276,75,94,107,34.0580,38.7681
2638,274,76,91,107,33.2117,39.0511
2639,273,76,84,113,30.7692,41.3919
2640,274,80,78,116,28.4672,42.3358
2641,273,81,76,116,27.8388,42.4908
2642,269,80,72,117,26.7658,43.4944
2643,268,77,73,118,27.2388,44.0299
2644,267,72,75,120,28.0899,44.9438
2645,268,72,72,124,26.8657,46.2687
2646,268,70,69,129,25.7463,48.1343
2647,267,70,65,132,24.3446,49.4382
2648,271,72,66,133,24.3542,49.0775
2649,273,76,65,132,23.8095,48.3516
2650,273,75,68,130,24.9084,47.6190
2651,274,80,65,129,23.7226,47.0803
2652,274,81,63,130,22.9927,47.4453
2653,276,85,61,130,22.1014,47.1014
2654,277,88,59,130,21.2996,46.9314
2655,277,86,60,131,21.6606,47.2924
2656,277,85,63,129,22.7437,46.5704
2657,279,89,61,129,21.8638,46.2366
2658,278,88,62,128,22.3022,46.0432
2659,278,89,61,128,21.9424,46.0432
2660,285,93,62,130,21.7544,45.6140
2661,290,98,63,129,21.7241,44.4828
2662,291,100,62,129,21.3058,44.3299
2663,290,102,58,130,20.0000,44.8276
2664,287,100,58,129,20.2091,44.9477
2665,288,100,57,131,19.7917,45.4861
2666,289,100,58,131,20.0692,45.3287
2667,290,103,55,132,18.9655,45.5172
2668,294,110,55,129,18.7075,43.8776
2669,295,112,55,128,18.6441,43.3898
2670,295,116,53,126,17.9661,42.7119
2671,294,120,49,125,16.6667,42.5170
2672,296,120,52,124,17.5676,41.8919
2673,296,122,53,121,17.9054,40.8784
2674,295,125,51,119,17.2881,40.3390
2675,295,125,52,118,17.6271,40.0000
2676,295,126,49,120,16.6102,40.6780
2677,295,129,44,122,14.9153,41.3559
2678,298,133,45,120,15.1007,40.2685
2679,296,135,42,119,14.1892,40.2027
2680,295,138,45,112,15.2542,37.9661
2681,295,143,42,110,14.2373,37.2881
2682,294,140,46,108,15.6463,36.7347
2683,295,146,48,101,16.2712,34.2373
2684,296,150,47,99,15.8784,33.4459
2685,300,153,47,100,15.6667,33.3333
2686,298,153,48,97,16.1074,32.5503
2687,298,150,51,97,17.1141,32.5503
2688,299,148,56,95,18.7291,31.7726
2689,298,149,56,93,18.7919,31.2081
2690,302,152,59,91,19.5364,30.1325
2691,301,155,62,84,20.5980,27.9070
2692,300,155,64,81,21.3333,27.0000
2693,299,154,63,82,21.0702,27.4247
2694,297,154,63,80,21.2121,26.9360
2695,296,153,64,79,21.6216,26.6892
2696,297,155,64,78,21.5488,26.2626
2697,299,160,63,76,21.0702,25.4181
2698,300,165,63,72,21.0000,24.0000
2699,300,162,68,70,22.6667,23.3333
2700,299,160,69,70,23.0769,23.4114
2701,299,159,70,70,23.4114,23.4114
2702,300,157,73,70,24.3333,23.3333
2703,298,154,71,73,23.8255,24.4966
2704,298,155,73,70,24.4966,23.4899
2705,299,156,74,69,24.7492,23.0769
2706,298,152,79,67,26.5101,22.4832
2707,298,143,86,69,28.8591,23.1544
2708,299,145,84,70,28.0936,23.4114
2709,302,145,89,68,29.4702,22.5166
2710,301,140,92,69,30.5648,22.9236
2711,298,139,89,70,29.8658,23.4899
2712,297,140,87,70,29.2929,23.5690
2713,298,138,90,70,30.2013,23.4899
2714,300,141,90,69,30.0000,23.0000
2715,299,134,99,66,33.1104,22.0736
2716,300,132,100,68,33.3333,22.6667
2717,299,129,106,64,35.4515,21.4047
2718,301,127,111,63,36.8771,20.9302
2719,297,124,112,61,37.7104,20.5387
2720,297,118,113,66,38.0471,22.2222
2721,296,114,115,67,38.8514,22.6351
2722,295,111,117,67,39.6610,22.7119
2723,297,108,120,69,40.4040,23.2323
2724,298,103,123,72,41.2752,24.1611
2725,298,96,130,72,43.6242,24.1611
2726,300,96,128,76,42.6667,25.3333
2727,290,93,118,79,40.6897,27.2414
2728,291,93,120,78,41.2371,26.8041
2729,287,92,118,77,41.1150,26.8293
2730,289,88,121,80,41.8685,27.6817
2731,292,86,124,82,42.4658,28.0822
2732,291,83,124,84,42.6117,28.8660
2733,291,79,126,86,43.2990,29.5533
2734,291,76,128,87,43.9863,29.8969
2735,287,73,124,90,43.2056,31.3589
2736,281,72,118,91,41.9929,32.3843
2737,279,71,118,90,42.2939,32.2581
2738,275,69,114,92,41.4545,33.4545
2739,279,69,116,94,41.5771,33.6918
2740,278,67,114,97,41.0072,34.8921
2741,279,66,111,102,39.7849,36.5591
2742,279,66,109,104,39.0681,37.2760
2743,276,65,100,111,36.2319,40.2174
2744,274,69,94,111,34.3066,40.5109
2745,274,72,88,114,32.1168,41.6058
2746,271,69,86,116,31.7343,42.8044
2747,271,66,85,120,31.3653,44.2804
2748,272,70,81,121,29.7794,44.4853
2749,274,72,80,122,29.1971,44.5255
2750,269,70,77,122,28.6245,45.3532
2751,265,70,70,125,26.4151,47.1698
2752,263,71,66,126,25.0951,47.9087
2753,263,73,62,128,23.5741,48.6692
2754,263,74,60,129,22.8137,49.0494
2755,263,82,54,127,20.5323,48.2890
2756,265,83,55,127,20.7547,47.9245
2757,265,85,52,128,19.6226,48.3019
2758,268,90,50,128,18.6567,47.7612
2759,268,91,44,133,16.4179,49.6269
2760,269,94,42,133,15.6134,49.4424
2761,267,95,38,134,14.2322,50.1873
2762,270,100,39,131,14.4444,48.5185
2763,273,104,39,130,14.2857,47.6190
2764,277,108,40,129,14.4404,46.5704
2765,278,107,43,128,15.4676,46.0432
2766,278,109,39,130,14.0288,46.7626
2767,278,109,40,129,14.3885,46.4029
2768,279,110,41,128,14.6953,45.8781
2769,281,112,41,128,14.5907,45.5516
2770,282,113,41,128,14.5390,45.3901
2771,284,113,40,131,14.0845,46.1268
2772,286,120,40,126,13.9860,44.0559
2773,288,124,41,123,14.2361,42.7083
2774,289,126,41,122,14.1869,42.2145
2775,293,132,43,118,14.6758,40.2730
2776,298,139,41,118,13.7584,39.5973
2777,301,142,42,117,13.9535,38.8704
2778,300,147,41,112,13.6667,37.3333
2779,299,149,40,110,13.3779,36.7893
2780,297,147,42,108,14.1414,36.3636
2781,300,150,44,106,14.6667,35.3333
2782,299,152,44,103,14.7157,34.4482
2783,301,156,43,102,14.2857,33.8870
2784,301,157,42,102,13.9535,33.8870
2785,300,159,40,101,13.3333,33.6667
2786,299,157,41,101,13.7124,33.7793
2787,299,159,41,99,13.7124,33.1104
2788,299,160,39,100,13.0435,33.4448
2789,300,159,40,101,13.3333,33.6667
2790,297,158,40,99,13.4680,33.3333
2791,296,157,41,98,13.8514,33.1081
2792,293,156,42,95,14.3345,32.4232
2793,296,158,48,90,16.2162,30.4054
2794,299,161,50,88,16.7224,29.4314
2795,300,166,51,83,17.0000,27.6667
2796,300,163,55,82,18.3333,27.3333
2797,299,164,58,77,19.3980,25.7525
2798,299,160,63,76,21.0702,25.4181
2799,302,164,66,72,21.8543,23.8411
2800,301,162,67,72,22.2591,23.9203
2801,298,159,70,69,23.4899,23.1544
2802,298,160,70,68,23.4899,22.8188
2803,298,160,73,65,24.4966,21.8121
2804,301,160,77,64,25.5814,21.2625
2805,300,156,82,62,27.3333,20.6667
2806,300,149,90,61,30.0000,20.3333
2807,299,147,92,60,30.7692,20.0669
2808,299,145,94,60,31.4381,20.0669
2809,299,145,94,60,31.4381,20.0669
2810,302,141,102,59,33.7748,19.5364
2811,299,144,101,54,33.7793,18.0602
2812,298,142,104,52,34.8993,17.4497
2813,299,140,104,55,34.7826,18.3946
2814,300,135,107,58,35.6667,19.3333
2815,296,127,109,60,36.8243,20.2703
2816,298,125,112,61,37.5839,20.4698
2817,298,125,109,64,36.5772,21.4765
2818,298,125,109,64,36.5772,21.4765
2819,296,119,113,64,38.1757,21.6216
2820,294,118,111,65,37.7551,22.1088
2821,292,114,111,67,38.0137,22.9452
2822,291,111,112,68,38.4880,23.3677
2823,290,111,114,65,39.3103,22.4138
2824,289,109,111,69,38.4083,23.8754
2825,287,102,113,72,39.3728,25.0871
2826,286,103,110,73,38.4615,25.5245
2827,281,98,107,76,38.0783,27.0463
2828,280,98,107,75,38.2143,26.7857
2829,280,92,111,77,39.6429,27.5000
2830,278,92,104,82,37.4101,29.4964
2831,277,93,100,84,36.1011,30.3249
2832,278,92,102,84,36.6906,30.2158
2833,279,88,104,87,37.2760,31.1828
2834,276,84,102,90,36.9565,32.6087
2835,272,84,96,92,35.2941,33.8235
2836,274,85,95,94,34.6715,34.3066
2837,274,84,97,93,35.4015,33.9416
2838,274,84,94,96,34.3066,35.0365
2839,272,81,94,97,34.5588,35.6618
2840,272,85,91,96,33.4559,35.2941
2841,271,84,92,95,33.9483,35.0554
2842,272,87,89,96,32.7206,35.2941
2843,273,87,87,99,31.8681,36.2637
2844,270,86,85,99,31.4815,36.6667
2845,266,81,84,101,31.5789,37.9699
2846,264,82,80,102,30.3030,38.6364
2847,264,84,78,102,29.5455,38.6364
2848,263,82,77,104,29.2776,39.5437
2849,262,82,74,106,28.2443,40.4580
2850,265,88,71,106,26.7925,40.0000
2851,265,83,74,108,27.9245,40.7547
2852,264,84,72,108,27.2727,40.9091
2853,264,85,66,113,25.0000,42.8030
2854,261,84,63,114,24.1379,43.6782
2855,263,87,61,115,23.1939,43.7262
2856,260,88,57,115,21.9231,44.2308
2857,256,89,52,115,20.3125,44.9219
2858,257,92,50,115,19.4553,44.7471
2859,255,90,48,117,18.8235,45.8824
2860,255,90,47,118,18.4314,46.2745
2861,256,92,48,116,18.7500,45.3125
2862,255,92,44,119,17.2549,46.6667
2863,255,94,42,119,16.4706,46.6667
2864,257,94,44,119,17.1206,46.3035
2865,256,98,43,115,16.7969,44.9219
2866,254,101,39,114,15.3543,44.8819
2867,255,102,41,112,16.0784,43.9216
2868,255,105,38,112,14.9020,43.9216
2869,256,109,36,111,14.0625,43.3594
2870,256,111,37,108,14.4531,42.1875
2871,259,112,38,109,14.6718,42.0849
2872,258,116,33,109,12.7907,42.2481
2873,259,117,35,107,13.5135,41.3127
2874,261,122,33,106,12.6437,40.6130
2875,263,122,35,106,13.3080,40.3042
2876,263,127,34,102,12.9278,38.7833
2877,265,132,34,99,12.8302,37.3585
2878,269,138,34,97,12.6394,36.0595
2879,275,144,36,95,13.0909,34.5455
2880,275,145,35,95,12.7273,34.5455
2881,277,148,35,94,12.6354,33.9350
2882,280,153,36,91,12.8571,32.5000
2883,281,156,36,89,12.8114,31.6726
2884,283,157,38,88,13.4276,31.0954
2885,285,160,38,87,13.3333,30.5263
2886,286,163,39,84,13.6364,29.3706
2887,287,167,39,81,13.5889,28.2230
2888,287,166,43,78,14.9826,27.1777
2889,288,166,44,78,15.2778,27.0833
2890,288,170,44,74,15.2778,25.6944
2891,289,171,44,74,15.2249,25.6055
2892,292,173,45,74,15.4110,25.3425
2893,292,173,45,74,15.4110,25.3425
2894,293,173,47,73,16.0410,24.9147
2895,293,171,53,69,18.0887,23.5495
2896,293,170,55,68,18.7713,23.2082
2897,295,171,58,66,19.6610,22.3729
2898,298,169,63,66,21.1409,22.1477
2899,302,165,73,64,24.1722,21.1921
2900,298,162,74,62,24.8322,20.8054
2901,298,160,78,60,26.1745,20.1342
2902,298,158,81,59,27.1812,19.7987
2903,298,154,86,58,28.8591,19.4631
2904,300,149,94,57,31.3333,19.0000
2905,298,145,98,55,32.8859,18.4564
2906,301,140,108,53,35.8804,17.6080
2907,300,138,110,52,36.6667,17.3333
2908,300,132,114,54,38.0000,18.0000
2909,298,127,115,56,38.5906,18.7919
2910,299,128,115,56,38.4615,18.7291
2911,302,130,118,54,39.0728,17.8808
2912,300,124,124,52,41.3333,17.3333
2913,300,118,127,55,42.3333,18.3333
2914,300,114,130,56,43.3333,18.6667
2915,295,113,129,53,43.7288,17.9661
2916,295,110,132,53,44.7458,17.9661
2917,296,103,135,58,45.6081,19.5946
2918,295,100,136,59,46.1017,20.0000
2919,294,95,135,64,45.9184,21.7687
2920,291,91,133,67,45.7045,23.0241
2921,288,90,131,67,45.4861,23.2639
2922,284,83,133,68,46.8310,23.9437
2923,282,79,133,70,47.1631,24.8227
2924,279,79,129,71,46.2366,25.4480
2925,273,79,119,75,43.5897,27.4725
2926,268,74,116,78,43.2836,29.1045
2927,264,70,114,80,43.1818,30.3030
2928,264,73,109,82,41.2879,31.0606
2929,261,74,102,85,39.0805,32.5670
2930,258,72,100,86,38.7597,33.3333
2931,258,67,106,85,41.0853,32.9457
2932,254,66,102,86,40.1575,33.8583
2933,251,66,96,89,38.2470,35.4582
2934,247,67,92,88,37.2470,35.6275
2935,245,65,87,93,35.5102,37.9592
2936,244,63,85,96,34.8361,39.3443
2937,244,63,79,102,32.3770,41.8033
2938,241,62,75,104,31.1203,43.1535
2939,243,64,72,107,29.6296,44.0329
2940,244,63,69,112,28.2787,45.9016
2941,242,64,64,114,26.4463,47.1074
2942,243,66,60,117,24.6914,48.1481
2943,243,68,58,117,23.8683,48.1481
2944,243,71,55,117,22.6337,48.1481
2945,243,73,53,117,21.8107,48.1481
2946,242,74,49,119,20.2479,49.1736
2947,246,76,48,122,19.5122,49.5935
2948,246,75,48,123,19.5122,50.0000
2949,250,78,49,123,19.6000,49.2000
2950,248,79,47,122,18.9516,49.1935
2951,247,80,44,123,17.8138,49.7976
2952,246,79,40,127,16.2602,51.6260
2953,247,77,43,127,17.4089,51.4170
2954,249,79,42,128,16.8675,51.4056
2955,250,79,44,127,17.6000,50.8000
2956,249,81,40,128,16.0643,51.4056
2957,251,83,41,127,16.3347,50.5976
2958,251,83,41,127,16.3347,50.5976
2959,253,85,38,130,15.0198,51.3834
2960,254,89,36,129,14.1732,50.7874
2961,259,95,36,128,13.8996,49.4208
2962,262,98,37,127,14.1221,48.4733
2963,261,100,34,127,13.0268,48.6590
2964,262,100,35,127,13.3588,48.4733
2965,263,105,34,124,12.9278,47.1483
2966,265,109,36,120,13.5849,45.2830
2967,267,112,34,121,12.7341,45.3184
2968,268,112,33,123,12.3134,45.8955
2969,270,118,35,117,12.9630,43.3333
2970,269,122,33,114,12.2677,42.3792
2971,270,125,36,109,13.3333,40.3704
2972,272,130,36,106,13.2353,38.9706
2973,271,133,33,105,12.1771,38.7454
2974,272,132,36,104,13.2353,38.2353
2975,276,139,35,102,12.6812,36.9565
2976,277,144,33,100,11.9134,36.1011
2977,277,148,33,96,11.9134,34.6570
2978,276,150,32,94,11.5942,34.0580
2979,279,150,37,92,13.2616,32.9749
2980,280,150,39,91,13.9286,32.5000
2981,281,152,39,90,13.8790,32.0285
2982,282,155,37,90,13.1206,31.9149
2983,285,156,39,90,13.6842,31.5789
2984,285,157,41,87,14.3860,30.5263
2985,287,159,45,83,15.6794,28.9199
2986,289,162,45,82,15.5709,28.3737
2987,290,167,47,76,16.2069,26.2069
2988,291,169,49,73,16.8385,25.0859
2989,293,174,52,67,17.7474,22.8669
2990,293,173,54,66,18.4300,22.5256
2991,291,172,57,62,19.5876,21.3058
2992,292,175,58,59,19.8630,20.2055
2993,294,178,59,57,20.0680,19.3878
2994,295,181,58,56,19.6610,18.9831
2995,294,174,65,55,22.1088,18.7075
2996,297,173,70,54,23.5690,18.1818
2997,302,180,69,53,22.8477,17.5497
2998,302,179,71,52,23.5099,17.2185
2999,300,179,70,51,23.3333,17.0000
3000,297,178,66,53,22.2222,17.8451
3001,300,173,73,54,24.3333,18.0000
3002,299,168,77,54,25.7525,18.0602
3003,302,169,80,53,26.4901,17.5497
3004,300,170,79,51,26.3333,17.0000
3005,299,165,81,53,27.0903,17.7258
3006,301,165,81,55,26.9103,18.2724
3007,301,158,86,57,28.5714,18.9369
3008,299,149,93,57,31.1037,19.0635
3009,301,149,96,56,31.8937,18.6047
3010,299,141,97,61,32.4415,20.4013
3011,298,135,104,59,34.8993,19.7987
3012,298,133,104,61,34.8993,20.4698
3013,297,134,104,59,35.0168,19.8653
3014,298,129,108,61,36.2416,20.4698
3015,296,128,106,62,35.8108,20.9459
3016,296,128,103,65,34.7973,21.9595
3017,298,125,107,66,35.9060,22.1477
3018,299,121,112,66,37.4582,22.0736
3019,300,114,117,69,39.0000,23.0000
3020,299,113,119,67,39.7993,22.4080
3021,300,110,122,68,40.6667,22.6667
3022,296,103,120,73,40.5405,24.6622
3023,297,103,119,75,40.0673,25.2525
3024,297,101,121,75,40.7407,25.2525
3025,299,102,123,74,41.1371,24.7492
3026,296,95,124,77,41.8919,26.0135
3027,295,90,125,80,42.3729,27.1186
3028,290,86,121,83,41.7241,28.6207
3029,288,83,120,85,41.6667,29.5139
3030,292,89,116,87,39.7260,29.7945
3031,286,88,103,95,36.0140,33.2168
3032,283,84,103,96,36.3958,33.9223
3033,282,82,105,95,37.2340,33.6879
3034,283,79,110,94,38.8693,33.2155
3035,282,81,102,99,36.1702,35.1064
3036,280,80,101,99,36.0714,35.3571
3037,278,79,99,100,35.6115,35.9712
3038,276,78,96,102,34.7826,36.9565
3039,277,79,89,109,32.1300,39.3502
3040,275,78,85,112,30.9091,40.7273
3041,274,78,84,112,30.6569,40.8759
3042,271,79,76,116,28.0443,42.8044
3043,268,77,74,117,27.6119,43.6567
3044,264,79,70,115,26.5152,43.5606
3045,264,82,67,115,25.3788,43.5606
3046,261,83,60,118,22.9885,45.2107
3047,259,83,58,118,22.3938,45.5598
3048,257,82,52,123,20.2335,47.8599
3049,259,81,51,127,19.6911,49.0347
3050,258,80,52,126,20.1550,48.8372
3051,258,81,53,124,20.5426,48.0620
3052,260,90,48,122,18.4615,46.9231
3053,261,90,45,126,17.2414,48.2759
3054,261,92,41,128,15.7088,49.0421
3055,261,93,38,130,14.5594,49.8084
3056,261,93,40,128,15.3257,49.0421
3057,262,95,39,128,14.8855,48.8550
3058,264,100,38,126,14.3939,47.7273
3059,265,104,35,126,13.2075,47.5472
3060,269,109,35,125,13.0112,46.4684
3061,270,110,35,125,12.9630,46.2963
3062,269,114,35,120,13.0112,44.6097
3063,269,117,33,119,12.2677,44.2379
3064,271,121,34,116,12.5461,42.8044
3065,274,119,38,117,13.8686,42.7007
3066,278,123,40,115,14.3885,41.3669
3067,278,124,40,114,14.3885,41.0072
3068,278,121,45,112,16.1871,40.2878
3069,277,115,50,112,18.0505,40.4332
3070,278,114,52,112,18.7050,40.2878
3071,279,117,51,111,18.2796,39.7849
3072,281,114,55,112,19.5730,39.8577
3073,280,116,53,111,18.9286,39.6429
3074,282,122,52,108,18.4397,38.2979
3075,285,124,55,106,19.2982,37.1930
3076,288,127,57,104,19.7917,36.1111
3077,291,126,59,106,20.2749,36.4261
3078,290,128,58,104,20.0000,35.8621
3079,291,132,59,100,20.2749,34.3643
3080,294,138,60,96,20.4082,32.6531
3081,295,135,64,96,21.6949,32.5424
3082,295,136,66,93,22.3729,31.5254
3083,297,145,66,86,22.2222,28.9562
3084,297,142,70,85,23.5690,28.6195
3085,294,139,70,85,23.8095,28.9116
3086,298,137,76,85,25.5034,28.5235
3087,299,141,76,82,25.4181,27.4247
3088,300,139,76,85,25.3333,28.3333
3089,293,134,73,86,24.9147,29.3515
3090,289,133,70,86,24.2215,29.7578
3091,292,141,71,80,24.3151,27.3973
3092,293,142,73,78,24.9147,26.6212
3093,292,140,75,77,25.6849,26.3699
3094,295,146,78,71,26.4407,24.0678
3095,295,139,84,72,28.4746,24.4068
3096,296,136,88,72,29.7297,24.3243
3097,296,133,89,74,30.0676,25.0000
3098,300,135,94,71,31.3333,23.6667
3099,299,132,96,71,32.1070,23.7458
3100,299,128,105,66,35.1171,22.0736
3101,299,126,110,63,36.7893,21.0702
3102,300,121,116,63,38.6667,21.0000
3103,299,120,113,66,37.7926,22.0736
3104,302,120,115,67,38.0795,22.1854
3105,295,119,111,65,37.6271,22.0339
3106,294,115,115,64,39.1156,21.7687
3107,292,113,117,62,40.0685,21.2329
3108,289,108,118,63,40.8304,21.7993
3109,289,101,126,62,43.5986,21.4533
3110,290,102,124,64,42.7586,22.0690
3111,288,97,128,63,44.4444,21.8750
3112,287,95,127,65,44.2509,22.6481
3113,288,92,128,68,44.4444,23.6111
3114,290,89,130,71,44.8276,24.4828
3115,293,89,131,73,44.7099,24.9147
3116,291,83,131,77,45.0172,26.4605
3117,291,79,130,82,44.6735,28.1787
3118,288,79,125,84,43.4028,29.1667
3119,286,75,124,87,43.3566,30.4196
3120,282,71,122,89,43.2624,31.5603
3121,281,69,119,93,42.3488,33.0961
3122,279,66,117,96,41.9355,34.4086
3123,278,72,111,95,39.9281,34.1727
3124,277,68,114,95,41.1552,34.2960
3125,274,63,115,96,41.9708,35.0365
3126,273,66,111,96,40.6593,35.1648
3127,272,67,106,99,38.9706,36.3971
3128,270,63,106,101,39.2593,37.4074
3129,268,66,100,102,37.3134,38.0597
3130,265,69,90,106,33.9623,40.0000
3131,265,72,82,111,30.9434,41.8868
3132,267,74,78,115,29.2135,43.0712
3133,267,76,76,115,28.4644,43.0712
3134,266,75,74,117,27.8195,43.9850
3135,266,76,70,120,26.3158,45.1128
3136,262,76,62,124,23.6641,47.3282
3137,261,75,57,129,21.8391,49.4253
3138,264,75,58,131,21.9697,49.6212
3139,261,73,58,130,22.2222,49.8084
3140,260,75,55,130,21.1538,50.0000
3141,260,76,54,130,20.7692,50.0000
3142,259,79,51,129,19.6911,49.8069
3143,258,80,49,129,18.9922,50.0000
3144,259,77,53,129,20.4633,49.8069
3145,257,79,45,133,17.5097,51.7510
3146,257,78,45,134,17.5097,52.1401
3147,257,78,45,134,17.5097,52.1401
3148,254,74,47,133,18.5039,52.3622
3149,255,77,47,131,18.4314,51.3725
3150,259,82,47,130,18.1467,50.1931
3151,260,83,48,129,18.4615,49.6154
3152,261,81,51,129,19.5402,49.4253
3153,263,82,53,128,20.1521,48.6692
3154,261,83,48,130,18.3908,49.8084
3155,264,88,48,128,18.1818,48.4848
3156,272,96,47,129,17.2794,47.4265
3157,274,99,48,127,17.5182,46.3504
3158,279,106,46,127,16.4875,45.5197
3159,279,107,44,128,15.7706,45.8781
3160,277,108,40,129,14.4404,46.5704
3161,276,109,38,129,13.7681,46.7391
3162,276,113,37,126,13.4058,45.6522
3163,277,113,37,127,13.3574,45.8484
3164,279,118,34,127,12.1864,45.5197
3165,281,121,37,123,13.1673,43.7722
3166,284,127,37,120,13.0282,42.2535
3167,283,130,35,118,12.3675,41.6961
3168,286,139,33,114,11.5385,39.8601
3169,285,143,32,110,11.2281,38.5965
3170,288,150,29,109,10.0694,37.8472
3171,291,156,30,105,10.3093,36.0825
3172,291,157,31,103,10.6529,35.3952
3173,289,163,28,98,9.6886,33.9100
3174,293,168,29,96,9.8976,32.7645
3175,295,170,30,95,10.1695,32.2034
3176,297,172,31,94,10.4377,31.6498
3177,300,170,33,97,11.0000,32.3333
3178,300,171,33,96,11.0000,32.0000
3179,300,174,34,92,11.3333,30.6667
3180,299,173,36,90,12.0401,30.1003
3181,300,174,38,88,12.6667,29.3333
3182,299,176,40,83,13.3779,27.7592
3183,304,180,45,79,14.8026,25.9868
3184,304,179,48,77,15.7895,25.3289
3185,303,180,47,76,15.5116,25.0825
3186,300,180,46,74,15.3333,24.6667
3187,299,180,49,70,16.3880,23.4114
3188,303,185,53,65,17.4917,21.4521
3189,303,188,55,60,18.1518,19.8020
3190,303,185,58,60,19.1419,19.8020
3191,302,186,57,59,18.8742,19.5364
3192,301,182,62,57,20.5980,18.9369
3193,300,180,65,55,21.6667,18.3333
3194,300,172,73,55,24.3333,18.3333
3195,298,165,79,54,26.5101,18.1208
3196,299,163,83,53,27.7592,17.7258
3197,300,165,86,49,28.6667,16.3333
3198,297,156,90,51,30.3030,17.1717
3199,300,151,99,50,33.0000,16.6667
3200,300,143,107,50,35.6667,16.6667
3201,299,136,110,53,36.7893,17.7258
3202,297,129,115,53,38.7205,17.8451
3203,297,125,117,55,39.3939,18.5185
3204,298,121,118,59,39.5973,19.7987
3205,295,109,126,60,42.7119,20.3390
3206,297,109,130,58,43.7710,19.5286
3207,296,104,134,58,45.2703,19.5946
3208,297,102,138,57,46.4646,19.1919
3209,298,93,147,58,49.3289,19.4631
3210,294,89,148,57,50.3401,19.3878
3211,297,86,154,57,51.8519,19.1919
3212,297,87,153,57,51.5152,19.1919
3213,295,83,152,60,51.5254,20.3390
3214,295,80,153,62,51.8644,21.0169
3215,293,78,153,62,52.2184,21.1604
3216,293,77,150,66,51.1945,22.5256
3217,293,72,152,69,51.8771,23.5495
3218,292,70,147,75,50.3425,25.6849
3219,292,66,147,79,50.3425,27.0548
3220,291,66,140,85,48.1100,29.2096
3221,288,65,136,87,47.2222,30.2083
3222,286,66,131,89,45.8042,31.1189
3223,283,61,131,91,46.2898,32.1555
3224,284,64,127,93,44.7183,32.7465
3225,282,63,121,98,42.9078,34.7518
3226,279,65,111,103,39.7849,36.9176
3227,277,64,106,107,38.2671,38.6282
3228,277,58,106,113,38.2671,40.7942
3229,269,60,96,113,35.6877,42.0074
3230,269,63,91,115,33.8290,42.7509
3231,269,61,88,120,32.7138,44.6097
3232,265,61,83,121,31.3208,45.6604
3233,268,65,80,123,29.8507,45.8955
3234,267,61,79,127,29.5880,47.5655
3235,266,60,74,132,27.8195,49.6241
3236,264,62,70,132,26.5152,50.0000
3237,261,64,64,133,24.5211,50.9579
3238,257,64,59,134,22.9572,52.1401
3239,254,64,51,139,20.0787,54.7244
3240,252,61,50,141,19.8413,55.9524
3241,253,63,50,140,19.7628,55.3360
3242,251,65,47,139,18.7251,55.3785
3243,254,68,47,139,18.5039,54.7244
3244,254,68,43,143,16.9291,56.2992
3245,252,64,45,143,17.8571,56.7460
3246,251,64,44,143,17.5299,56.9721
3247,251,64,44,143,17.5299,56.9721
3248,249,65,39,145,15.6627,58.2329
3249,253,70,37,146,14.6245,57.7075
3250,256,76,35,145,13.6719,56.6406
3251,258,79,33,146,12.7907,56.5891
3252,263,84,31,148,11.7871,56.2738
3253,266,91,31,144,11.6541,54.1353
3254,265,94,27,144,10.1887,54.3396
3255,265,97,26,142,9.8113,53.5849
3256,265,101,25,139,9.4340,52.4528
3257,265,103,21,141,7.9245,53.2075
3258,266,102,24,140,9.0226,52.6316
3259,269,106,23,140,8.5502,52.0446
3260,271,108,25,138,9.2251,50.9225
3261,274,113,24,137,8.7591,50.0000
3262,277,116,25,136,9.0253,49.0975
3263,276,117,23,136,8.3333,49.2754
3264,275,119,22,134,8.0000,48.7273
3265,277,124,22,131,7.9422,47.2924
3266,275,125,21,129,7.6364,46.9091
3267,278,130,20,128,7.1942,46.0432
3268,280,138,20,122,7.1429,43.5714
3269,284,141,24,119,8.4507,41.9014
3270,289,153,22,114,7.6125,39.4464
3271,289,157,23,109,7.9585,37.7163
3272,293,166,25,102,8.5324,34.8123
3273,294,170,25,99,8.5034,33.6735
3274,295,167,32,96,10.8475,32.5424
3275,297,170,32,95,10.7744,31.9865
3276,298,171,35,92,11.7450,30.8725
3277,299,176,36,87,12.0401,29.0970
3278,301,178,42,81,13.9535,26.9103
3279,299,180,42,77,14.0468,25.7525
3280,300,185,43,72,14.3333,24.0000
3281,300,180,50,70,16.6667,23.3333
3282,300,180,53,67,17.6667,22.3333
3283,299,180,56,63,18.7291,21.0702
3284,298,179,57,62,19.1275,20.8054
3285,300,179,62,59,20.6667,19.6667
3286,299,180,62,57,20.7358,19.0635
3287,301,181,68,52,22.5914,17.2757
3288,301,178,73,50,24.2525,16.6113
3289,300,170,81,49,27.0000,16.3333
3290,300,167,83,50,27.6667,16.6667
3291,300,167,88,45,29.3333,15.0000
3292,300,160,96,44,32.0000,14.6667
3293,298,155,97,46,32.5503,15.4362
3294,297,151,99,47,33.3333,15.8249
3295,297,141,109,47,36.7003,15.8249
3296,297,145,110,42,37.0370,14.1414
3297,300,140,116,44,38.6667,14.6667
3298,298,136,118,44,39.5973,14.7651
3299,295,132,118,45,40.0000,15.2542
3300,298,136,117,45,39.2617,15.1007
3301,296,132,118,46,39.8649,15.5405
3302,293,128,118,47,40.2730,16.0410
3303,295,123,123,49,41.6949,16.6102
3304,294,117,128,49,43.5374,16.6667
3305,293,113,129,51,44.0273,17.4061
3306,294,112,129,53,43.8776,18.0272
3307,295,112,127,56,43.0508,18.9831
3308,295,107,130,58,44.0678,19.6610
3309,292,102,130,60,44.5205,20.5479
3310,287,97,128,62,44.5993,21.6028
3311,286,94,128,64,44.7552,22.3776
3312,288,92,127,69,44.0972,23.9583
3313,281,89,122,70,43.4164,24.9110
3314,282,88,121,73,42.9078,25.8865
3315,279,82,120,77,43.0108,27.5986
3316,276,76,120,80,43.4783,28.9855
3317,275,71,123,81,44.7273,29.4545
3318,273,70,120,83,43.9560,30.4029
3319,271,66,122,83,45.0185,30.6273
3320,271,65,121,85,44.6494,31.3653
3321,272,67,118,87,43.3824,31.9853
3322,270,67,112,91,41.4815,33.7037
3323,268,64,110,94,41.0448,35.0746
3324,265,65,102,98,38.4906,36.9811
3325,264,64,98,102,37.1212,38.6364
3326,263,61,100,102,38.0228,38.7833
3327,265,62,100,103,37.7358,38.8679
3328,260,58,98,104,37.6923,40.0000
3329,257,57,88,112,34.2412,43.5798
3330,255,55,86,114,33.7255,44.7059
3331,248,55,79,114,31.8548,45.9677
3332,250,58,78,114,31.2000,45.6000
3333,250,61,74,115,29.6000,46.0000
3334,249,63,69,117,27.7108,46.9880
3335,247,64,63,120,25.5061,48.5830
3336,249,65,59,125,23.6948,50.2008
3337,251,68,53,130,21.1155,51.7928
3338,248,70,47,131,18.9516,52.8226
3339,247,72,42,133,17.0040,53.8462
3340,248,72,41,135,16.5323,54.4355
3341,249,72,42,135,16.8675,54.2169
3342,251,77,42,132,16.7331,52.5896
3343,252,76,42,134,16.6667,53.1746
3344,254,78,42,134,16.5354,52.7559
3345,257,83,41,133,15.9533,51.7510
3346,258,87,39,132,15.1163,51.1628
3347,257,87,37,133,14.3969,51.7510
3348,257,88,36,133,14.0078,51.7510
3349,260,93,32,135,12.3077,51.9231
3350,262,96,30,136,11.4504,51.9084
3351,263,99,29,135,11.0266,51.3308
3352,266,104,29,133,10.9023,50.0000
3353,270,111,28,131,10.3704,48.5185
3354,273,115,30,128,10.9890,46.8864
3355,276,122,28,126,10.1449,45.6522
3356,277,125,28,124,10.1083,44.7653
3357,278,128,27,123,9.7122,44.2446
3358,278,129,29,120,10.4317,43.1655
3359,277,131,27,119,9.7473,42.9603
3360,279,135,28,116,10.0358,41.5771
3361,282,143,24,115,8.5106,40.7801
3362,284,145,26,113,9.1549,39.7887
3363,290,156,22,112,7.5862,38.6207
3364,289,162,20,107,6.9204,37.0242
3365,291,165,21,105,7.2165,36.0825
3366,291,169,19,103,6.5292,35.3952
3367,294,175,20,99,6.8027,33.6735
3368,294,179,19,96,6.4626,32.6531
3369,297,182,21,94,7.0707,31.6498
3370,299,185,22,92,7.3579,30.7692
3371,304,190,23,91,7.5658,29.9342
3372,304,191,24,89,7.8947,29.2763
3373,303,193,23,87,7.5908,28.7129
3374,303,197,23,83,7.5908,27.3927
3375,301,198,23,80,7.6412,26.5781
3376,301,201,24,76,7.9734,25.2492
3377,300,205,24,71,8.0000,23.6667
3378,300,200,27,73,9.0000,24.3333
3379,300,199,30,71,10.0000,23.6667
3380,299,199,28,72,9.3645,24.0803
3381,302,208,30,64,9.9338,21.1921
3382,301,208,31,62,10.2990,20.5980
3383,301,205,34,62,11.2957,20.5980
3384,301,204,36,61,11.9601,20.2658
3385,299,206,34,59,11.3712,19.7324
3386,300,208,35,57,11.6667,19.0000
3387,299,211,35,53,11.7057,17.7258
3388,301,218,34,49,11.2957,16.2791
3389,300,220,36,44,12.0000,14.6667
3390,300,215,43,42,14.3333,14.0000
3391,299,213,46,40,15.3846,13.3779
3392,302,215,49,38,16.2252,12.5828
3393,302,210,54,38,17.8808,12.5828
3394,302,200,64,38,21.1921,12.5828
3395,301,195,69,37,22.9236,12.2924
3396,300,191,73,36,24.3333,12.0000
3397,300,188,76,36,25.3333,12.0000
3398,299,180,83,36,27.7592,12.0401
3399,298,174,85,39,28.5235,13.0872
3400,297,171,87,39,29.2929,13.1313
3401,297,170,91,36,30.6397,12.1212
3402,298,171,93,34,31.2081,11.4094
3403,298,166,96,36,32.2148,12.0805
3404,296,159,101,36,34.1216,12.1622
3405,297,154,106,37,35.6902,12.4579
3406,299,150,112,37,37.4582,12.3746
3407,302,147,120,35,39.7351,11.5894
3408,301,142,124,35,41.1960,11.6279
3409,300,138,128,34,42.6667,11.3333
3410,296,128,131,37,44.2568,12.5000
3411,294,122,135,37,45.9184,12.5850
3412,291,118,134,39,46.0481,13.4021
3413,288,113,137,38,47.5694,13.1944
3414,288,107,138,43,47.9167,14.9306
3415,287,103,138,46,48.0836,16.0279
3416,287,98,139,50,48.4321,17.4216
3417,287,91,142,54,49.4774,18.8153
3418,285,88,142,55,49.8246,19.2982
3419,280,84,139,57,49.6429,20.3571
3420,278,82,136,60,48.9209,21.5827
3421,274,77,135,62,49.2701,22.6277
3422,278,77,138,63,49.6403,22.6619
3423,274,72,138,64,50.3650,23.3577
3424,276,75,134,67,48.5507,24.2754
3425,273,76,125,72,45.7875,26.3736
3426,272,74,124,74,45.5882,27.2059
3427,269,70,122,77,45.3532,28.6245
3428,266,67,119,80,44.7368,30.0752
3429,265,65,118,82,44.5283,30.9434
3430,261,67,109,85,41.7625,32.5670
3431,256,66,102,88,39.8438,34.3750
3432,258,67,102,89,39.5349,34.4961
3433,255,66,97,92,38.0392,36.0784
3434,250,62,90,98,36.0000,39.2000
3435,250,63,83,104,33.2000,41.6000
3436,247,60,81,106,32.7935,42.9150
3437,243,61,74,108,30.4527,44.4444
3438,244,63,70,111,28.6885,45.4918
3439,246,66,65,115,26.4228,46.7480
3440,244,68,61,115,25.0000,47.1311
3441,243,68,58,117,23.8683,48.1481
3442,239,69,51,119,21.3389,49.7908
3443,242,73,49,120,20.2479,49.5868
3444,240,73,45,122,18.7500,50.8333
3445,239,71,46,122,19.2469,51.0460
3446,239,69,48,122,20.0837,51.0460
3447,237,70,43,124,18.1435,52.3207
3448,236,71,39,126,16.5254,53.3898
3449,234,73,36,125,15.3846,53.4188
3450,235,72,37,126,15.7447,53.6170
3451,238,78,38,122,15.9664,51.2605
3452,235,78,34,123,14.4681,52.3404
3453,234,80,30,124,12.8205,52.9915
3454,237,84,28,125,11.8143,52.7426
3455,238,87,26,125,10.9244,52.5210
3456,236,87,23,126,9.7458,53.3898
3457,235,90,20,125,8.5106,53.1915
3458,235,91,19,125,8.0851,53.1915
3459,236,93,18,125,7.6271,52.9661
3460,239,96,18,125,7.5314,52.3013
3461,242,98,18,126,7.4380,52.0661
3462,242,100,19,123,7.8512,50.8264
3463,246,106,19,121,7.7236,49.1870
3464,251,112,20,119,7.9681,47.4104
3465,251,115,18,118,7.1713,47.0120
3466,251,122,15,114,5.9761,45.4183
3467,256,132,15,109,5.8594,42.5781
3468,257,138,13,106,5.0584,41.2451
3469,257,142,13,102,5.0584,39.6887
3470,256,146,9,101,3.5156,39.4531
3471,260,153,8,99,3.0769,38.0769
3472,261,157,8,96,3.0651,36.7816
3473,264,162,7,95,2.6515,35.9848
3474,266,165,7,94,2.6316,35.3383
3475,269,168,8,93,2.9740,34.5725
3476,270,174,7,89,2.5926,32.9630
3477,271,179,8,84,2.9520,30.9963
3478,272,181,10,81,3.6765,29.7794
3479,275,187,10,78,3.6364,28.3636
3480,275,189,11,75,4.0000,27.2727
3481,277,191,13,73,4.6931,26.3538
3482,280,195,16,69,5.7143,24.6429
3483,282,201,15,66,5.3191,23.4043
3484,287,206,18,63,6.2718,21.9512
3485,291,211,18,62,6.1856,21.3058
3486,292,213,23,56,7.8767,19.1781
3487,294,220,25,49,8.5034,16.6667
3488,299,227,25,47,8.3612,15.7191
3489,302,232,26,44,8.6093,14.5695
3490,301,235,25,41,8.3056,13.6213
3491,301,238,26,37,8.6379,12.2924
3492,301,238,27,36,8.9701,11.9601
3493,301,235,32,34,10.6312,11.2957
3494,301,237,33,31,10.9635,10.2990
3495,301,236,36,29,11.9601,9.6346
3496,301,236,37,28,12.2924,9.3023
3497,301,236,38,27,12.6246,8.9701
3498,300,232,41,27,13.6667,9.0000
3499,299,230,44,25,14.7157,8.3612
3500,301,228,50,23,16.6113,7.6412
3501,300,225,52,23,17.3333,7.6667
3502,299,222,54,23,18.0602,7.6923
3503,299,214,60,25,20.0669,8.3612
3504,299,213,61,25,20.4013,8.3612
3505,299,211,64,24,21.4047,8.0268
3506,299,209,63,27,21.0702,9.0301
3507,301,206,68,27,22.5914,8.9701
3508,301,200,75,26,24.9169,8.6379
3509,301,190,86,25,28.5714,8.3056
3510,301,185,90,26,29.9003,8.6379
3511,301,177,98,26,32.5581,8.6379
3512,301,169,105,27,34.8837,8.9701
3513,297,161,110,26,37.0370,8.7542
3514,299,154,117,28,39.1304,9.3645
3515,297,150,118,29,39.7306,9.7643
3516,299,145,124,30,41.4716,10.0334
3517,301,134,138,29,45.8472,9.6346
3518,300,129,142,29,47.3333,9.6667
3519,299,119,147,33,49.1639,11.0368
3520,299,116,149,34,49.8328,11.3712
3521,296,110,149,37,50.3378,12.5000
3522,298,109,151,38,50.6711,12.7517
3523,297,103,154,40,51.8519,13.4680
3524,296,98,152,46,51.3514,15.5405
3525,295,94,154,47,52.2034,15.9322
3526,294,86,156,52,53.0612,17.6871
3527,296,83,159,54,53.7162,18.2432
3528,292,79,156,57,53.4247,19.5205
3529,289,74,153,62,52.9412,21.4533
3530,286,69,152,65,53.1469,22.7273
3531,284,65,149,70,52.4648,24.6479
3532,281,58,149,74,53.0249,26.3345
3533,280,58,138,84,49.2857,30.0000
3534,277,57,134,86,48.3755,31.0469
3535,276,56,130,90,47.1014,32.6087
3536,274,55,127,92,46.3504,33.5766
3537,267,52,120,95,44.9438,35.5805
3538,264,51,115,98,43.5606,37.1212
3539,261,49,110,102,42.1456,39.0805
3540,257,43,107,107,41.6342,41.6342
3541,254,42,103,109,40.5512,42.9134
3542,254,42,101,111,39.7638,43.7008
3543,250,41,93,116,37.2000,46.4000
3544,251,40,93,118,37.0518,47.0120
3545,248,41,85,122,34.2742,49.1935
3546,249,44,81,124,32.5301,49.7992
3547,246,46,73,127,29.6748,51.6260
3548,247,48,67,132,27.1255,53.4413
3549,244,47,63,134,25.8197,54.9180
3550,242,43,63,136,26.0331,56.1983
3551,243,47,57,139,23.4568,57.2016
3552,242,45,54,143,22.3140,59.0909
3553,243,46,53,144,21.8107,59.2593
3554,241,46,53,142,21.9917,58.9212
3555,242,48,52,142,21.4876,58.6777
3556,242,49,51,142,21.0744,58.6777
3557,244,53,45,146,18.4426,59.8361
3558,246,58,43,145,17.4797,58.9431
3559,248,62,40,146,16.1290,58.8710
3560,252,65,40,147,15.8730,58.3333
3561,250,66,34,150,13.6000,60.0000
3562,251,69,31,151,12.3506,60.1594
3563,253,69,32,152,12.6482,60.0791
3564,256,73,28,155,10.9375,60.5469
3565,257,74,26,157,10.1167,61.0895
3566,259,76,28,155,10.8108,59.8456
3567,263,82,27,154,10.2662,58.5551
3568,268,86,28,154,10.4478,57.4627
3569,270,90,27,153,10.0000,56.6667
3570,270,94,24,152,8.8889,56.2963
3571,273,101,22,150,8.0586,54.9451
3572,274,105,20,149,7.2993,54.3796
3573,275,110,18,147,6.5455,53.4545
3574,274,109,17,148,6.2044,54.0146
3575,276,114,15,147,5.4348,53.2609
3576,276,118,17,141,6.1594,51.0870
3577,276,121,16,139,5.7971,50.3623
3578,279,127,17,135,6.0932,48.3871
3579,282,132,16,134,5.6738,47.5177
3580,283,136,16,131,5.6537,46.2898
3581,287,144,17,126,5.9233,43.9024
3582,290,148,18,124,6.2069,42.7586
3583,289,151,19,119,6.5744,41.1765
3584,288,155,18,115,6.2500,39.9306
3585,290,165,20,105,6.8966,36.2069
3586,292,172,18,102,6.1644,34.9315
3587,293,177,18,98,6.1433,33.4471
3588,295,179,20,96,6.7797,32.5424
3589,294,185,18,91,6.1224,30.9524
3590,295,189,18,88,6.1017,29.8305
3591,297,193,20,84,6.7340,28.2828
3592,299,198,22,79,7.3579,26.4214
3593,302,203,22,77,7.2848,25.4967
3594,301,202,24,75,7.9734,24.9169
3595,300,207,22,71,7.3333,23.6667
3596,300,207,23,70,7.6667,23.3333
3597,299,210,23,66,7.6923,22.0736
3598,301,213,24,64,7.9734,21.2625
3599,301,213,26,62,8.6379,20.5980
3600,300,218,26,56,8.6667,18.6667
3601,300,215,30,55,10.0000,18.3333
3602,300,215,32,53,10.6667,17.6667
3603,298,213,35,50,11.7450,16.7785
3604,299,215,37,47,12.3746,15.7191
3605,300,216,38,46,12.6667,15.3333
3606,299,211,42,46,14.0468,15.3846
3607,304,215,45,44,14.8026,14.4737
3608,303,214,46,43,15.1815,14.1914
3609,302,213,50,39,16.5563,12.9139
3610,302,210,56,36,18.5430,11.9205
3611,302,207,62,33,20.5298,10.9272
3612,300,202,66,32,22.0000,10.6667
3613,298,198,71,29,23.8255,9.7315
3614,297,197,72,28,24.2424,9.4276
3615,299,195,76,28,25.4181,9.3645
3616,302,195,83,24,27.4834,7.9470
3617,301,185,92,24,30.5648,7.9734
3618,300,177,99,24,33.0000,8.0000
3619,298,172,102,24,34.2282,8.0537
3620,299,172,103,24,34.4482,8.0268
3621,300,167,107,26,35.6667,8.6667
3622,297,159,111,27,37.3737,9.0909
3623,297,158,112,27,37.7104,9.0909
3624,294,153,113,28,38.4354,9.5238
3625,296,150,117,29,39.5270,9.7973
3626,298,153,117,28,39.2617,9.3960
3627,299,147,124,28,41.4716,9.3645
3628,299,140,129,30,43.1438,10.0334
3629,298,134,132,32,44.2953,10.7383
3630,292,130,130,32,44.5205,10.9589
3631,288,125,130,33,45.1389,11.4583
3632,285,121,131,33,45.9649,11.5789
3633,284,118,129,37,45.4225,13.0282
3634,279,114,129,36,46.2366,12.9032
3635,278,105,135,38,48.5612,13.6691
3636,278,104,134,40,48.2014,14.3885
3637,276,105,127,44,46.0145,15.9420
3638,268,102,117,49,43.6567,18.2836
3639,268,100,118,50,44.0299,18.6567
3640,270,99,119,52,44.0741,19.2593
3641,271,95,121,55,44.6494,20.2952
3642,267,93,116,58,43.4457,21.7228
3643,265,91,114,60,43.0189,22.6415
3644,264,87,115,62,43.5606,23.4848
3645,265,86,112,67,42.2642,25.2830
3646,265,82,110,73,41.5094,27.5472
3647,264,80,111,73,42.0455,27.6515
3648,262,78,106,78,40.4580,29.7710
3649,260,76,102,82,39.2308,31.5385
3650,255,68,103,84,40.3922,32.9412
3651,255,64,106,85,41.5686,33.3333
3652,255,62,104,89,40.7843,34.9020
3653,252,59,105,88,41.6667,34.9206
3654,246,56,100,90,40.6504,36.5854
3655,240,54,95,91,39.5833,37.9167
3656,241,55,95,91,39.4191,37.7593
3657,240,53,94,93,39.1667,38.7500
3658,241,54,93,94,38.5892,39.0041
3659,241,55,88,98,36.5145,40.6639
3660,239,55,85,99,35.5649,41.4226
3661,238,55,83,100,34.8739,42.0168
3662,235,53,79,103,33.6170,43.8298
3663,234,51,77,106,32.9060,45.2991
3664,235,49,77,109,32.7660,46.3830
3665,233,48,73,112,31.3305,48.0687
3666,235,50,72,113,30.6383,48.0851
3667,233,50,68,115,29.1845,49.3562
3668,235,48,68,119,28.9362,50.6383
3669,235,50,66,119,28.0851,50.6383
3670,230,47,62,121,26.9565,52.6087
3671,225,45,56,124,24.8889,55.1111
3672,224,49,51,124,22.7679,55.3571
3673,221,49,49,123,22.1719,55.6561
3674,222,52,44,126,19.8198,56.7568
3675,222,54,40,128,18.0180,57.6577
3676,223,58,36,129,16.1435,57.8475
3677,224,59,37,128,16.5179,57.1429
3678,225,61,38,126,16.8889,56.0000
3679,224,62,38,124,16.9643,55.3571
3680,225,63,39,123,17.3333,54.6667
3681,224,67,36,121,16.0714,54.0179
3682,223,65,38,120,17.0404,53.8117
3683,223,67,37,119,16.5919,53.3632
3684,226,72,34,120,15.0442,53.0973
3685,223,74,33,116,14.7982,52.0179
3686,227,77,34,116,14.9780,51.1013
3687,231,84,30,117,12.9870,50.6494
3688,235,89,31,115,13.1915,48.9362
3689,236,95,26,115,11.0169,48.7288
3690,239,103,25,111,10.4603,46.4435
3691,240,108,21,111,8.7500,46.2500
3692,241,110,21,110,8.7137,45.6432
3693,243,115,20,108,8.2305,44.4444
3694,243,115,23,105,9.4650,43.2099
3695,248,121,23,104,9.2742,41.9355
3696,250,125,23,102,9.2000,40.8000
3697,251,130,23,98,9.1633,39.0438
3698,252,138,22,92,8.7302,36.5079
3699,254,139,24,91,9.4488,35.8268
3700,255,145,24,86,9.4118,33.7255
3701,262,153,26,83,9.9237,31.6794
3702,263,157,25,81,9.5057,30.7985
3703,265,159,26,80,9.8113,30.1887
3704,267,164,26,77,9.7378,28.8390
3705,269,166,25,78,9.2937,28.9963
3706,272,170,26,76,9.5588,27.9412
3707,275,172,29,74,10.5455,26.9091
3708,277,174,30,73,10.8303,26.3538
3709,279,171,37,71,13.2616,25.4480
3710,279,170,39,70,13.9785,25.0896
3711,282,175,41,66,14.5390,23.4043
3712,285,178,42,65,14.7368,22.8070
3713,291,182,46,63,15.8076,21.6495
3714,290,180,49,61,16.8966,21.0345
3715,291,176,56,59,19.2440,20.2749
3716,292,175,61,56,20.8904,19.1781
3717,294,177,64,53,21.7687,18.0272
3718,293,177,64,52,21.8430,17.7474
3719,295,177,68,50,23.0508,16.9492
3720,294,176,71,47,24.1497,15.9864
3721,300,174,78,48,26.0000,16.0000
3722,299,172,81,46,27.0903,15.3846
3723,303,173,85,45,28.0528,14.8515
3724,302,167,91,44,30.1325,14.5695
3725,302,164,95,43,31.4570,14.2384
3726,301,163,98,40,32.5581,13.2890
3727,298,153,108,37,36.2416,12.4161
3728,299,148,117,34,39.1304,11.3712
3729,297,144,118,35,39.7306,11.7845
3730,294,138,121,35,41.1565,11.9048
3731,294,134,124,36,42.1769,12.2449
3732,297,133,129,35,43.4343,11.7845
3733,293,130,127,36,43.3447,12.2867
3734,293,125,130,38,44.3686,12.9693
3735,289,123,126,40,43.5986,13.8408
3736,290,120,126,44,43.4483,15.1724
3737,291,120,124,47,42.6117,16.1512
3738,290,112,130,48,44.8276,16.5517
3739,290,112,131,47,45.1724,16.2069
3740,291,105,136,50,46.7354,17.1821
3741,287,106,132,49,45.9930,17.0732
3742,286,105,128,53,44.7552,18.5315
3743,282,94,136,52,48.2270,18.4397
3744,280,89,136,55,48.5714,19.6429
3745,282,88,135,59,47.8723,20.9220
3746,282,84,138,60,48.9362,21.2766
3747,277,86,128,63,46.2094,22.7437
3748,275,82,124,69,45.0909,25.0909
3749,272,82,117,73,43.0147,26.8382
3750,270,80,113,77,41.8519,28.5185
3751,267,78,112,77,41.9476,28.8390
3752,264,77,106,81,40.1515,30.6818
3753,263,75,106,82,40.3042,31.1787
3754,263,73,105,85,39.9240,32.3194
3755,260,73,102,85,39.2308,32.6923
3756,256,70,98,88,38.2812,34.3750
3757,255,67,99,89,38.8235,34.9020
3758,253,68,95,90,37.5494,35.5731
3759,250,61,96,93,38.4000,37.2000
3760,246,57,93,96,37.8049,39.0244
3761,246,56,90,100,36.5854,40.6504
3762,243,53,88,102,36.2140,41.9753
3763,242,55,81,106,33.4711,43.8017
3764,239,56,73,110,30.5439,46.0251
3765,238,52,71,115,29.8319,48.3193
3766,236,55,64,117,27.1186,49.5763
3767,236,55,63,118,26.6949,50.0000
3768,236,56,59,121,25.0000,51.2712
3769,236,57,56,123,23.7288,52.1186
3770,237,59,55,123,23.2068,51.8987
3771,238,62,50,126,21.0084,52.9412
3772,241,66,48,127,19.9170,52.6971
3773,246,72,50,124,20.3252,50.4065
3774,244,73,46,125,18.8525,51.2295
3775,245,76,44,125,17.9592,51.0204
3776,246,78,40,128,16.2602,52.0325
3777,246,78,39,129,15.8537,52.4390
3778,246,81,36,129,14.6341,52.4390
3779,246,78,37,131,15.0407,53.2520
3780,249,82,32,135,12.8514,54.2169
3781,248,86,26,136,10.4839,54.8387
3782,248,87,23,138,9.2742,55.6452
3783,251,92,22,137,8.7649,54.5817
3784,252,92,23,137,9.1270,54.3651
3785,252,94,19,139,7.5397,55.1587
3786,250,96,17,137,6.8000,54.8000
3787,252,103,14,135,5.5556,53.5714
3788,255,111,14,130,5.4902,50.9804
3789,257,115,15,127,5.8366,49.4163
3790,262,119,16,127,6.1069,48.4733
3791,265,123,17,125,6.4151,47.1698
3792,266,127,17,122,6.3910,45.8647
3793,267,130,18,119,6.7416,44.5693
3794,269,139,16,114,5.9480,42.3792
3795,270,137,19,114,7.0370,42.2222
3796,271,141,20,110,7.3801,40.5904
3797,274,147,22,105,8.0292,38.3212
3798,276,149,23,104,8.3333,37.6812
3799,277,152,23,102,8.3032,36.8231
3800,279,160,20,99,7.1685,35.4839
3801,282,168,19,95,6.7376,33.6879
3802,282,170,21,91,7.4468,32.2695
3803,283,169,23,91,8.1272,32.1555
3804,287,176,25,86,8.7108,29.9652
3805,287,180,23,84,8.0139,29.2683
3806,289,183,25,81,8.6505,28.0277
3807,290,185,25,80,8.6207,27.5862
3808,293,189,28,76,9.5563,25.9386
3809,294,191,29,74,9.8639,25.1701
3810,296,191,30,75,10.1351,25.3378
3811,298,196,29,73,9.7315,24.4966
3812,301,201,29,71,9.6346,23.5880
3813,301,203,31,67,10.2990,22.2591
3814,301,199,36,66,11.9601,21.9269
3815,299,198,39,62,13.0435,20.7358
3816,300,203,39,58,13.0000,19.3333
3817,299,204,40,55,13.3779,18.3946
3818,301,203,45,53,14.9502,17.6080
3819,300,200,48,52,16.0000,17.3333
3820,299,199,51,49,17.0569,16.3880
3821,300,201,52,47,17.3333,15.6667
3822,300,198,56,46,18.6667,15.3333
3823,299,200,55,44,18.3946,14.7157
3824,300,199,59,42,19.6667,14.0000
3825,298,190,66,42,22.1477,14.0940
3826,300,192,67,41,22.3333,13.6667
3827,300,190,70,40,23.3333,13.3333
3828,299,193,69,37,23.0769,12.3746
3829,301,188,75,38,24.9169,12.6246
3830,299,184,77,38,25.7525,12.7090
3831,299,183,80,36,26.7559,12.0401
3832,299,183,84,32,28.0936,10.7023
3833,301,187,85,29,28.2392,9.6346
3834,298,183,85,30,28.5235,10.0671
3835,296,175,89,32,30.0676,10.8108
3836,297,174,89,34,29.9663,11.4478
3837,296,173,90,33,30.4054,11.1486
3838,293,167,91,35,31.0580,11.9454
3839,295,162,97,36,32.8814,12.2034
3840,296,154,104,38,35.1351,12.8378
3841,295,151,104,40,35.2542,13.5593
3842,294,139,115,40,39.1156,13.6054
3843,293,131,122,40,41.6382,13.6519
3844,293,124,127,42,43.3447,14.3345
3845,289,117,126,46,43.5986,15.9170
3846,288,114,125,49,43.4028,17.0139
3847,286,108,129,49,45.1049,17.1329
3848,291,111,129,51,44.3299,17.5258
3849,291,106,132,53,45.3608,18.2131
3850,289,98,134,57,46.3668,19.7232
3851,292,99,135,58,46.2329,19.8630
3852,291,97,136,58,46.7354,19.9313
3853,292,96,137,59,46.9178,20.2055
3854,293,86,146,61,49.8294,20.8191
3855,292,83,143,66,48.9726,22.6027
3856,293,82,142,69,48.4642,23.5495
3857,290,79,140,71,48.2759,24.4828
3858,288,75,141,72,48.9583,25.0000
3859,284,73,135,76,47.5352,26.7606
3860,279,68,130,81,46.5950,29.0323
3861,276,64,127,85,46.0145,30.7971
3862,273,64,120,89,43.9560,32.6007
3863,268,63,114,91,42.5373,33.9552
3864,267,63,110,94,41.1985,35.2060
3865,264,64,103,97,39.0152,36.7424
3866,261,65,98,98,37.5479,37.5479
3867,260,63,95,102,36.5385,39.2308
3868,259,64,92,103,35.5212,39.7683
3869,253,63,87,103,34.3874,40.7115
3870,251,62,85,104,33.8645,41.4343
3871,251,62,80,109,31.8725,43.4263
3872,250,61,79,110,31.6000,44.0000
3873,247,61,73,113,29.5547,45.7490
3874,247,61,69,117,27.9352,47.3684
3875,245,62,63,120,25.7143,48.9796
3876,244,63,61,120,25.0000,49.1803
3877,244,66,57,121,23.3607,49.5902
3878,243,62,59,122,24.2798,50.2058
3879,245,63,58,124,23.6735,50.6122
3880,249,70,55,124,22.0884,49.7992
3881,249,74,49,126,19.6787,50.6024
3882,248,72,49,127,19.7581,51.2097
3883,246,72,47,127,19.1057,51.6260
3884,246,70,46,130,18.6992,52.8455
3885,247,70,47,130,19.0283,52.6316
3886,246,73,45,128,18.2927,52.0325
3887,247,69,51,127,20.6478,51.4170
3888,248,71,51,126,20.5645,50.8065
3889,246,69,52,125,21.1382,50.8130
3890,247,73,51,123,20.6478,49.7976
3891,246,76,48,122,19.5122,49.5935
3892,244,76,47,121,19.2623,49.5902
3893,248,82,47,119,18.9516,47.9839
3894,250,86,44,120,17.6000,48.0000
3895,250,86,41,123,16.4000,49.2000
3896,249,86,42,121,16.8675,48.5944
3897,254,94,42,118,16.5354,46.4567
3898,255,97,41,117,16.0784,45.8824
3899,257,99,37,121,14.3969,47.0817
3900,258,103,36,119,13.9535,46.1240
3901,258,103,38,117,14.7287,45.3488
3902,258,106,36,116,13.9535,44.9612
3903,258,110,34,114,13.1783,44.1860
3904,259,110,35,114,13.5135,44.0154
3905,262,111,38,113,14.5038,43.1298
3906,263,112,40,111,15.2091,42.2053
3907,260,112,41,107,15.7692,41.1538
3908,258,113,40,105,15.5039,40.6977
3909,258,114,40,104,15.5039,40.3101
3910,258,116,38,104,14.7287,40.3101
3911,260,122,38,100,14.6154,38.4615
3912,261,126,38,97,14.5594,37.1648
3913,262,131,37,94,14.1221,35.8779
3914,264,135,41,88,15.5303,33.3333
3915,264,137,42,85,15.9091,32.1970
3916,266,140,45,81,16.9173,30.4511
3917,265,144,42,79,15.8491,29.8113
3918,267,146,43,78,16.1049,29.2135
3919,272,148,50,74,18.3824,27.2059
3920,279,156,48,75,17.2043,26.8817
3921,282,159,50,73,17.7305,25.8865
3922,282,158,53,71,18.7943,25.1773
3923,284,162,56,66,19.7183,23.2394
3924,287,163,57,67,19.8606,23.3449
3925,288,169,53,66,18.4028,22.9167
3926,292,170,57,65,19.5205,22.2603
3927,291,172,56,63,19.2440,21.6495
3928,291,167,60,64,20.6186,21.9931
3929,291,165,61,65,20.9622,22.3368
3930,294,164,65,65,22.1088,22.1088
3931,300,168,70,62,23.3333,20.6667
3932,297,163,72,62,24.2424,20.8754
3933,298,167,73,58,24.4966,19.4631
3934,297,169,71,57,23.9057,19.1919
3935,302,170,75,57,24.8344,18.8742
3936,300,168,77,55,25.6667,18.3333
3937,300,159,85,56,28.3333,18.6667
3938,299,155,89,55,29.7659,18.3946
3939,298,155,87,56,29.1946,18.7919
3940,297,149,92,56,30.9764,18.8552
3941,297,144,98,55,32.9966,18.5185
3942,300,142,99,59,33.0000,19.6667
3943,298,137,98,63,32.8859,21.1409
3944,299,133,103,63,34.4482,21.0702
3945,300,125,110,65,36.6667,21.6667
3946,296,119,114,63,38.5135,21.2838
3947,295,116,115,64,38.9831,21.6949
3948,294,108,117,69,39.7959,23.4694
3949,294,107,117,70,39.7959,23.8095
3950,292,104,116,72,39.7260,24.6575
3951,293,100,121,72,41.2969,24.5734
3952,291,97,121,73,41.5808,25.0859
3953,289,93,121,75,41.8685,25.9516
3954,291,96,121,74,41.5808,25.4296
3955,289,92,123,74,42.5606,25.6055
3956,290,96,122,72,42.0690,24.8276
3957,292,97,120,75,41.0959,25.6849
3958,293,99,115,79,39.2491,26.9625
3959,294,98,116,80,39.4558,27.2109
3960,295,99,113,83,38.3051,28.1356
3961,292,97,112,83,38.3562,28.4247
3962,293,98,111,84,37.8840,28.6689
3963,289,94,108,87,37.3702,30.1038
3964,287,93,107,87,37.2822,30.3136
3965,287,96,102,89,35.5401,31.0105
3966,283,93,98,92,34.6290,32.5088
3967,282,95,92,95,32.6241,33.6879
3968,278,96,84,98,30.2158,35.2518
3969,275,95,83,97,30.1818,35.2727
3970,276,99,80,97,28.9855,35.1449
3971,276,96,80,100,28.9855,36.2319
3972,276,96,79,101,28.6232,36.5942
3973,281,98,80,103,28.4698,36.6548
3974,282,93,82,107,29.0780,37.9433
3975,283,93,82,108,28.9753,38.1625
3976,283,92,84,107,29.6820,37.8092
3977,284,94,82,108,28.8732,38.0282
3978,287,99,81,107,28.2230,37.2822
3979,287,102,78,107,27.1777,37.2822
3980,288,101,77,110,26.7361,38.1944
3981,286,104,74,108,25.8741,37.7622
3982,285,105,73,107,25.6140,37.5439
3983,282,103,72,107,25.5319,37.9433
3984,284,103,71,110,25.0000,38.7324
3985,282,101,70,111,24.8227,39.3617
3986,284,104,69,111,24.2958,39.0845
3987,283,102,71,110,25.0883,38.8693
3988,285,103,73,109,25.6140,38.2456
3989,284,102,73,109,25.7042,38.3803
3990,287,105,72,110,25.0871,38.3275
3991,285,107,69,109,24.2105,38.2456
3992,280,99,70,111,25.0000,39.6429
3993,281,97,71,113,25.2669,40.2135
3994,281,99,69,113,24.5552,40.2135
3995,280,99,71,110,25.3571,39.2857
3996,278,97,72,109,25.8993,39.2086
3997,276,99,68,109,24.6377,39.4928
3998,279,101,67,111,24.0143,39.7849
3999,277,106,64,107,23.1047,38.6282
4000,277,107,66,104,23.8267,37.5451
4001,279,109,65,105,23.2975,37.6344
4002,279,109,68,102,24.3728,36.5591
4003,280,111,69,100,24.6429,35.7143
4004,281,110,70,101,24.9110,35.9431
4005,281,112,68,101,24.1993,35.9431
4006,281,114,68,99,24.1993,35.2313
4007,281,114,69,98,24.5552,34.8754
4008,281,113,69,99,24.5552,35.2313
4009,283,118,69,96,24.3816,33.9223
4010,284,121,70,93,24.6479,32.7465
4011,285,122,72,91,25.2632,31.9298
4012,284,125,70,89,24.6479,31.3380
4013,283,126,65,92,22.9682,32.5088
4014,283,130,60,93,21.2014,32.8622
4015,283,130,60,93,21.2014,32.8622
4016,281,129,58,94,20.6406,33.4520
4017,283,136,55,92,19.4346,32.5088
4018,286,140,57,89,19.9301,31.1189
4019,289,142,60,87,20.7612,30.1038
4020,289,144,61,84,21.1073,29.0657
4021,288,140,62,86,21.5278,29.8611
4022,289,139,64,86,22.1453,29.7578
4023,290,142,61,87,21.0345,30.0000
4024,291,144,62,85,21.3058,29.2096
4025,290,147,59,84,20.3448,28.9655
4026,290,147,62,81,21.3793,27.9310
4027,290,148,62,80,21.3793,27.5862
4028,289,149,61,79,21.1073,27.3356
4029,294,151,66,77,22.4490,26.1905
4030,296,149,70,77,23.6486,26.0135
4031,296,150,68,78,22.9730,26.3514
4032,298,152,70,76,23.4899,25.5034
4033,298,149,72,77,24.1611,25.8389
4034,300,151,70,79,23.3333,26.3333
4035,299,147,72,80,24.0803,26.7559
4036,302,146,77,79,25.4967,26.1589
4037,298,143,77,78,25.8389,26.1745
4038,300,140,83,77,27.6667,25.6667
4039,298,135,84,79,28.1879,26.5101
4040,303,136,85,82,28.0528,27.0627
4041,302,136,84,82,27.8146,27.1523
4042,297,131,83,83,27.9461,27.9461
4043,297,125,88,84,29.6296,28.2828
4044,300,124,91,85,30.3333,28.3333
4045,298,121,93,84,31.2081,28.1879
4046,300,123,97,80,32.3333,26.6667
4047,295,117,98,80,33.2203,27.1186
4048,298,114,102,82,34.2282,27.5168
4049,300,117,100,83,33.3333,27.6667
4050,295,114,95,86,32.2034,29.1525
4051,300,117,96,87,32.0000,29.0000
4052,298,115,97,86,32.5503,28.8591
4053,297,117,93,87,31.3131,29.2929
4054,297,115,96,86,32.3232,28.9562
4055,302,111,106,85,35.0993,28.1457
4056,297,111,100,86,33.6700,28.9562
4057,299,113,101,85,33.7793,28.4281
4058,299,112,100,87,33.4448,29.0970
4059,299,106,103,90,34.4482,30.1003
4060,299,109,97,93,32.4415,31.1037
4061,298,107,98,93,32.8859,31.2081
4062,301,108,100,93,33.2226,30.8970
4063,296,102,98,96,33.1081,32.4324
4064,296,98,100,98,33.7838,33.1081
4065,298,106,96,96,32.2148,32.2148
4066,295,107,94,94,31.8644,31.8644
4067,300,107,99,94,33.0000,31.3333
4068,297,106,97,94,32.6599,31.6498
4069,303,111,95,97,31.3531,32.0132
4070,302,104,99,99,32.7815,32.7815
4071,300,100,98,102,32.6667,34.0000
4072,299,97,98,104,32.7759,34.7826
4073,299,97,100,102,33.4448,34.1137
4074,303,99,100,104,33.0033,34.3234
4075,298,95,99,104,33.2215,34.8993
4076,297,96,96,105,32.3232,35.3535
4077,298,97,97,104,32.5503,34.8993
4078,296,96,95,105,32.0946,35.4730
4079,294,95,91,108,30.9524,36.7347
4080,294,90,94,110,31.9728,37.4150
4081,295,86,98,111,33.2203,37.6271
4082,297,82,104,111,35.0168,37.3737
4083,294,83,101,110,34.3537,37.4150
4084,297,85,103,109,34.6801,36.7003
4085,296,85,99,112,33.4459,37.8378
4086,295,84,100,111,33.8983,37.6271
4087,293,82,99,112,33.7884,38.2253
4088,290,80,99,111,34.1379,38.2759
4089,292,80,98,114,33.5616,39.0411
4090,292,79,97,116,33.2192,39.7260
4091,294,80,99,115,33.6735,39.1156
4092,294,79,98,117,33.3333,39.7959
4093,292,77,98,117,33.5616,40.0685
4094,290,78,97,115,33.4483,39.6552
4095,288,79,95,114,32.9861,39.5833
4096,287,83,91,113,31.7073,39.3728
4097,287,84,90,113,31.3589,39.3728
4098,287,84,89,114,31.0105,39.7213
4099,285,81,92,112,32.2807,39.2982
4100,283,79,92,112,32.5088,39.5760
4101,280,79,90,111,32.1429,39.6429
4102,279,82,86,111,30.8244,39.7849
4103,276,83,79,114,28.6232,41.3043
4104,276,83,77,116,27.8986,42.0290
4105,274,86,73,115,26.6423,41.9708
4106,274,84,74,116,27.0073,42.3358
4107,273,82,73,118,26.7399,43.2234
4108,273,84,71,118,26.0073,43.2234
4109,274,85,71,118,25.9124,43.0657
4110,269,85,66,118,24.5353,43.8662
4111,269,84,69,116,25.6506,43.1227
4112,267,90,64,113,23.9700,42.3221
4113,266,88,63,115,23.6842,43.2331
4114,264,88,61,115,23.1061,43.5606
4115,264,88,63,113,23.8636,42.8030
4116,265,88,65,112,24.5283,42.2642
4117,264,90,63,111,23.8636,42.0455
4118,265,93,62,110,23.3962,41.5094
4119,264,94,62,108,23.4848,40.9091
4120,264,94,60,110,22.7273,41.6667
4121,261,96,58,107,22.2222,40.9962
4122,261,98,58,105,22.2222,40.2299
4123,262,101,60,101,22.9008,38.5496
4124,263,104,59,100,22.4335,38.0228
4125,263,100,62,101,23.5741,38.4030
4126,264,99,65,100,24.6212,37.8788
4127,264,103,65,96,24.6212,36.3636
4128,263,105,63,95,23.9544,36.1217
4129,263,102,62,99,23.5741,37.6426
4130,264,102,63,99,23.8636,37.5000
4131,266,105,63,98,23.6842,36.8421
4132,265,107,61,97,23.0189,36.6038
4133,266,107,61,98,22.9323,36.8421
4134,266,109,61,96,22.9323,36.0902
4135,266,109,62,95,23.3083,35.7143
4136,264,108,61,95,23.1061,35.9848
4137,263,109,62,92,23.5741,34.9810
4138,264,105,68,91,25.7576,34.4697
4139,266,109,67,90,25.1880,33.8346
4140,269,108,69,92,25.6506,34.2007
4141,273,116,65,92,23.8095,33.6996
4142,274,111,71,92,25.9124,33.5766
4143,275,112,70,93,25.4545,33.8182
4144,274,115,69,90,25.1825,32.8467
4145,276,113,72,91,26.0870,32.9710
4146,274,110,71,93,25.9124,33.9416
4147,274,111,68,95,24.8175,34.6715
4148,276,116,67,93,24.2754,33.6957
4149,275,116,66,93,24.0000,33.8182
4150,276,120,63,93,22.8261,33.6957
4151,277,120,62,95,22.3827,34.2960
4152,279,121,63,95,22.5806,34.0502
4153,278,119,65,94,23.3813,33.8129
4154,279,120,68,91,24.3728,32.6165
4155,277,124,65,88,23.4657,31.7690
4156,276,120,69,87,25.0000,31.5217
4157,278,121,71,86,25.5396,30.9353
4158,279,124,67,88,24.0143,31.5412
4159,277,126,64,87,23.1047,31.4079
4160,280,130,66,84,23.5714,30.0000
4161,277,130,63,84,22.7437,30.3249
4162,276,132,61,83,22.1014,30.0725
4163,275,129,59,87,21.4545,31.6364
4164,276,130,61,85,22.1014,30.7971
4165,274,129,61,84,22.2628,30.6569
4166,277,134,58,85,20.9386,30.6859
4167,278,134,57,87,20.5036,31.2950
4168,278,135,59,84,21.2230,30.2158
4169,277,132,62,83,22.3827,29.9639
4170,276,132,61,83,22.1014,30.0725
4171,281,137,61,83,21.7082,29.5374
4172,284,146,57,81,20.0704,28.5211
4173,283,141,58,84,20.4947,29.6820
4174,282,138,60,84,21.2766,29.7872
4175,281,139,57,85,20.2847,30.2491
4176,283,138,58,87,20.4947,30.7420
4177,283,140,55,88,19.4346,31.0954
4178,283,141,55,87,19.4346,30.7420
4179,286,138,61,87,21.3287,30.4196
4180,289,142,60,87,20.7612,30.1038
4181,291,144,61,86,20.9622,29.5533
4182,293,150,58,85,19.7952,29.0102
4183,291,147,61,83,20.9622,28.5223
4184,288,140,65,83,22.5694,28.8194
4185,289,142,65,82,22.4913,28.3737
4186,290,139,68,83,23.4483,28.6207
4187,292,138,71,83,24.3151,28.4247
4188,293,139,70,84,23.8908,28.6689
4189,294,138,71,85,24.1497,28.9116
4190,294,133,73,88,24.8299,29.9320
4191,296,131,77,88,26.0135,29.7297
4192,297,129,83,85,27.9461,28.6195
4193,295,130,82,83,27.7966,28.1356
4194,295,130,83,82,28.1356,27.7966
4195,297,134,81,82,27.2727,27.6094
4196,297,130,84,83,28.2828,27.9461
4197,297,129,85,83,28.6195,27.9461
4198,296,130,85,81,28.7162,27.3649
4199,294,127,89,78,30.2721,26.5306
4200,290,126,86,78,29.6552,26.8966
4201,291,123,89,79,30.5842,27.1478
4202,290,121,90,79,31.0345,27.2414
4203,289,120,91,78,31.4879,26.9896
4204,288,119,89,80,30.9028,27.7778
4205,289,118,89,82,30.7958,28.3737
4206,289,115,92,82,31.8339,28.3737
4207,288,111,89,88,30.9028,30.5556
4208,290,107,97,86,33.4483,29.6552
4209,290,109,96,85,33.1034,29.3103
4210,288,106,97,85,33.6806,29.5139
4211,287,103,99,85,34.4948,29.6167
4212,286,100,97,89,33.9161,31.1189
4213,286,101,95,90,33.2168,31.4685
4214,285,99,96,90,33.6842,31.5789
4215,284,99,99,86,34.8592,30.2817
4216,281,92,100,89,35.5872,31.6726
4217,281,88,103,90,36.6548,32.0285
4218,281,87,105,89,37.3665,31.6726
4219,279,82,108,89,38.7097,31.8996
4220,280,81,107,92,38.2143,32.8571
4221,282,79,109,94,38.6525,33.3333
4222,281,76,106,99,37.7224,35.2313
4223,281,74,106,101,37.7224,35.9431
4224,281,75,107,99,38.0783,35.2313
4225,279,77,104,98,37.2760,35.1254
4226,278,74,101,103,36.3309,37.0504
4227,278,72,102,104,36.6906,37.4101
4228,273,75,93,105,34.0659,38.4615
4229,273,75,92,106,33.6996,38.8278
4230,271,73,92,106,33.9483,39.1144
4231,266,71,87,108,32.7068,40.6015
4232,268,72,88,108,32.8358,40.2985
4233,266,72,84,110,31.5789,41.3534
4234,269,70,89,110,33.0855,40.8922
4235,267,66,90,111,33.7079,41.5730
4236,273,69,86,118,31.5018,43.2234
4237,274,71,84,119,30.6569,43.4307
4238,267,70,77,120,28.8390,44.9438
4239,266,71,76,119,28.5714,44.7368
4240,264,73,70,121,26.5152,45.8333
4241,263,71,72,120,27.3764,45.6274
4242,263,72,73,118,27.7567,44.8669
4243,262,73,69,120,26.3359,45.8015
4244,262,70,71,121,27.0992,46.1832
4245,262,72,69,121,26.3359,46.1832
4246,261,74,64,123,24.5211,47.1264
4247,262,74,65,123,24.8092,46.9466
4248,261,76,62,123,23.7548,47.1264
4249,260,74,64,122,24.6154,46.9231
4250,261,75,62,124,23.7548,47.5096
4251,260,75,60,125,23.0769,48.0769
4252,259,75,58,126,22.3938,48.6486
4253,262,76,60,126,22.9008,48.0916
4254,263,79,55,129,20.9125,49.0494
4255,262,78,54,130,20.6107,49.6183
4256,261,84,50,127,19.1571,48.6590
4257,260,87,47,126,18.0769,48.4615
4258,259,86,48,125,18.5328,48.2625
4259,260,96,45,119,17.3077,45.7692
4260,262,97,45,120,17.1756,45.8015
4261,262,97,44,121,16.7939,46.1832
4262,262,102,40,120,15.2672,45.8015
4263,261,103,40,118,15.3257,45.2107
4264,261,106,39,116,14.9425,44.4444
4265,262,107,40,115,15.2672,43.8931
4266,264,107,43,114,16.2879,43.1818
4267,266,109,42,115,15.7895,43.2331
4268,266,112,42,112,15.7895,42.1053
4269,266,111,46,109,17.2932,40.9774
4270,263,110,44,109,16.7300,41.4449
4271,263,110,47,106,17.8707,40.3042
4272,266,115,48,103,18.0451,38.7218
4273,266,114,49,103,18.4211,38.7218
4274,263,115,50,98,19.0114,37.2624
4275,264,117,52,95,19.6970,35.9848
4276,265,119,50,96,18.8679,36.2264
4277,266,121,52,93,19.5489,34.9624
4278,268,125,53,90,19.7761,33.5821
4279,268,127,51,90,19.0299,33.5821
4280,270,131,52,87,19.2593,32.2222
4281,269,130,53,86,19.7026,31.9703
4282,270,128,57,85,21.1111,31.4815
4283,272,132,55,85,20.2206,31.2500
4284,272,131,56,85,20.5882,31.2500
4285,274,134,58,82,21.1679,29.9270
4286,273,135,53,85,19.4139,31.1355
4287,277,139,55,83,19.8556,29.9639
4288,276,142,57,77,20.6522,27.8986
4289,275,143,57,75,20.7273,27.2727
4290,274,144,55,75,20.0730,27.3723
4291,276,144,55,77,19.9275,27.8986
4292,276,144,59,73,21.3768,26.4493
4293,274,141,60,73,21.8978,26.6423
4294,277,142,62,73,22.3827,26.3538
4295,276,143,62,71,22.4638,25.7246
4296,276,144,62,70,22.4638,25.3623
4297,279,145,63,71,22.5806,25.4480
4298,279,144,67,68,24.0143,24.3728
4299,279,144,68,67,24.3728,24.0143
4300,282,148,69,65,24.4681,23.0496
4301,283,150,67,66,23.6749,23.3216
4302,287,151,70,66,24.3902,22.9965
4303,287,152,67,68,23.3449,23.6934
4304,287,151,68,68,23.6934,23.6934
4305,287,152,69,66,24.0418,22.9965
4306,287,153,68,66,23.6934,22.9965
4307,289,153,72,64,24.9135,22.1453
4308,292,154,74,64,25.3425,21.9178
4309,294,156,73,65,24.8299,22.1088
4310,293,147,82,64,27.9863,21.8430
4311,295,143,87,65,29.4915,22.0339
4312,295,139,91,65,30.8475,22.0339
4313,292,136,90,66,30.8219,22.6027
4314,289,133,90,66,31.1419,22.8374
4315,287,127,92,68,32.0557,23.6934
4316,287,124,96,67,33.4495,23.3449
4317,289,126,97,66,33.5640,22.8374
4318,288,124,96,68,33.3333,23.6111
4319,290,130,92,68,31.7241,23.4483
4320,294,129,94,71,31.9728,24.1497
4321,294,124,98,72,33.3333,24.4898
4322,295,121,99,75,33.5593,25.4237
4323,295,120,99,76,33.5593,25.7627
4324,296,117,103,76,34.7973,25.6757
4325,300,120,105,75,35.0000,25.0000
4326,297,117,104,76,35.0168,25.5892
4327,296,112,106,78,35.8108,26.3514
4328,294,106,111,77,37.7551,26.1905
4329,294,105,109,80,37.0748,27.2109
4330,296,105,107,84,36.1486,28.3784
4331,295,104,105,86,35.5932,29.1525
4332,292,100,104,88,35.6164,30.1370
4333,290,100,103,87,35.5172,30.0000
4334,284,97,100,87,35.2113,30.6338
4335,282,96,98,88,34.7518,31.2057
4336,281,90,100,91,35.5872,32.3843
4337,282,92,98,92,34.7518,32.6241
4338,281,96,95,90,33.8078,32.0285
4339,281,91,99,91,35.2313,32.3843
4340,280,88,101,91,36.0714,32.5000
4341,277,88,97,92,35.0181,33.2130
4342,278,88,96,94,34.5324,33.8129
4343,279,93,94,92,33.6918,32.9749
4344,279,91,95,93,34.0502,33.3333
4345,276,86,94,96,34.0580,34.7826
4346,276,87,92,97,33.3333,35.1449
4347,278,87,92,99,33.0935,35.6115
4348,278,90,84,104,30.2158,37.4101
4349,276,90,82,104,29.7101,37.6812
4350,276,89,81,106,29.3478,38.4058
4351,275,85,80,110,29.0909,40.0000
4352,272,84,74,114,27.2059,41.9118
4353,276,85,77,114,27.8986,41.3043
4354,274,83,75,116,27.3723,42.3358
4355,271,83,73,115,26.9373,42.4354
4356,269,84,68,117,25.2788,43.4944
4357,271,85,67,119,24.7232,43.9114
4358,272,89,67,116,24.6324,42.6471
4359,271,89,66,116,24.3542,42.8044
4360,270,86,66,118,24.4444,43.7037
4361,270,88,64,118,23.7037,43.7037
4362,273,91,64,118,23.4432,43.2234
4363,278,96,62,120,22.3022,43.1655
4364,281,97,63,121,22.4199,43.0605
4365,282,99,63,120,22.3404,42.5532
4366,283,100,60,123,21.2014,43.4629
4367,282,99,59,124,20.9220,43.9716
4368,284,99,61,124,21.4789,43.6620
4369,286,100,61,125,21.3287,43.7063
4370,287,101,61,125,21.2544,43.5540
4371,285,103,56,126,19.6491,44.2105
4372,286,105,56,125,19.5804,43.7063
4373,285,107,53,125,18.5965,43.8596
4374,278,107,49,122,17.6259,43.8849
4375,278,106,50,122,17.9856,43.8849
4376,282,106,53,123,18.7943,43.6170
4377,279,105,52,122,18.6380,43.7276
4378,281,104,54,123,19.2171,43.7722
4379,282,105,55,122,19.5035,43.2624
4380,283,106,54,123,19.0813,43.4629
4381,286,110,53,123,18.5315,43.0070
4382,286,114,54,118,18.8811,41.2587
4383,289,117,56,116,19.3772,40.1384
4384,292,119,60,113,20.5479,38.6986
4385,294,120,60,114,20.4082,38.7755
4386,294,115,63,116,21.4286,39.4558
4387,294,114,65,115,22.1088,39.1156
4388,295,114,67,114,22.7119,38.6441
4389,296,118,67,111,22.6351,37.5000
4390,296,121,66,109,22.2973,36.8243
4391,297,120,69,108,23.2323,36.3636
4392,296,120,69,107,23.3108,36.1486
4393,297,121,70,106,23.5690,35.6902
4394,297,120,74,103,24.9158,34.6801
4395,298,122,72,104,24.1611,34.8993
4396,300,118,78,104,26.0000,34.6667
4397,297,119,77,101,25.9259,34.0067
4398,299,119,80,100,26.7559,33.4448
4399,301,122,81,98,26.9103,32.5581
4400,297,121,81,95,27.2727,31.9865
4401,298,118,86,94,28.8591,31.5436
4402,301,120,87,94,28.9037,31.2292
4403,298,121,85,92,28.5235,30.8725
4404,297,125,84,88,28.2828,29.6296
4405,298,120,89,89,29.8658,29.8658
4406,299,119,94,86,31.4381,28.7625
4407,299,119,92,88,30.7692,29.4314
4408,298,120,90,88,30.2013,29.5302
4409,303,120,95,88,31.3531,29.0429
4410,303,112,102,89,33.6634,29.3729
4411,302,110,100,92,33.1126,30.4636
4412,301,106,105,90,34.8837,29.9003
4413,300,104,107,89,35.6667,29.6667
4414,298,100,109,89,36.5772,29.8658
4415,299,104,106,89,35.4515,29.7659
4416,298,104,107,87,35.9060,29.1946
4417,301,107,103,91,34.2193,30.2326
4418,299,108,103,88,34.4482,29.4314
4419,298,109,102,87,34.2282,29.1946
4420,299,109,100,90,33.4448,30.1003
4421,297,104,103,90,34.6801,30.3030
4422,293,102,101,90,34.4710,30.7167
4423,292,103,101,88,34.5890,30.1370
4424,293,102,105,86,35.8362,29.3515
4425,294,100,106,88,36.0544,29.9320
4426,290,97,101,92,34.8276,31.7241
4427,291,98,98,95,33.6770,32.6460
4428,291,95,101,95,34.7079,32.6460
4429,288,92,98,98,34.0278,34.0278
4430,283,93,91,99,32.1555,34.9823
4431,281,93,87,101,30.9609,35.9431
4432,283,97,84,102,29.6820,36.0424
4433,282,95,83,104,29.4326,36.8794
4434,283,97,81,105,28.6219,37.1025
4435,282,99,78,105,27.6596,37.2340
4436,283,95,82,106,28.9753,37.4558
4437,283,93,81,109,28.6219,38.5159
4438,283,91,82,110,28.9753,38.8693
4439,281,89,84,108,29.8932,38.4342
4440,280,89,83,108,29.6429,38.5714
4441,279,88,81,110,29.0323,39.4265
4442,277,84,77,116,27.7978,41.8773
4443,276,83,75,118,27.1739,42.7536
4444,277,83,75,119,27.0758,42.9603
4445,277,82,74,121,26.7148,43.6823
4446,274,83,70,121,25.5474,44.1606
4447,272,80,71,121,26.1029,44.4853
4448,271,80,70,121,25.8303,44.6494
4449,269,82,63,124,23.4201,46.0967
4450,273,85,64,124,23.4432,45.4212
4451,276,87,66,123,23.9130,44.5652
4452,277,88,67,122,24.1877,44.0433
4453,276,85,68,123,24.6377,44.5652
4454,279,90,68,121,24.3728,43.3692
4455,278,93,66,119,23.7410,42.8058
4456,277,91,64,122,23.1047,44.0433
4457,278,92,65,121,23.3813,43.5252
4458,276,91,62,123,22.4638,44.5652
4459,276,91,65,120,23.5507,43.4783
4460,275,93,63,119,22.9091,43.2727
4461,277,97,63,117,22.7437,42.2383
4462,280,100,63,117,22.5000,41.7857
4463,278,104,59,115,21.2230,41.3669
4464,277,105,58,114,20.9386,41.1552
4465,278,107,58,113,20.8633,40.6475
4466,278,104,59,115,21.2230,41.3669
4467,279,109,58,112,20.7885,40.1434
4468,279,110,57,112,20.4301,40.1434
4469,285,118,60,107,21.0526,37.5439
4470,284,115,62,107,21.8310,37.6761
4471,283,113,65,105,22.9682,37.1025
4472,283,116,66,101,23.3216,35.6890
4473,285,120,64,101,22.4561,35.4386
4474,284,117,64,103,22.5352,36.2676
4475,288,120,65,103,22.5694,35.7639
4476,288,120,64,104,22.2222,36.1111
4477,292,124,65,103,22.2603,35.2740
4478,291,125,66,100,22.6804,34.3643
4479,291,130,63,98,21.6495,33.6770
4480,290,131,59,100,20.3448,34.4828
4481,291,131,62,98,21.3058,33.6770
4482,289,131,62,96,21.4533,33.2180
4483,291,132,66,93,22.6804,31.9588
4484,294,137,67,90,22.7891,30.6122
4485,292,140,66,86,22.6027,29.4521
4486,295,138,71,86,24.0678,29.1525
4487,297,141,71,85,23.9057,28.6195
4488,299,138,77,84,25.7525,28.0936
4489,302,144,77,81,25.4967,26.8212
4490,297,140,76,81,25.5892,27.2727
4491,297,138,76,83,25.5892,27.9461
4492,298,140,77,81,25.8389,27.1812
4493,299,137,82,80,27.4247,26.7559
4494,298,135,88,75,29.5302,25.1678
4495,300,135,88,77,29.3333,25.6667
4496,299,132,89,78,29.7659,26.0870
4497,300,130,94,76,31.3333,25.3333
4498,297,124,96,77,32.3232,25.9259
4499,297,120,102,75,34.3434,25.2525
4500,299,119,106,74,35.4515,24.7492
4501,299,120,106,73,35.4515,24.4147
4502,302,120,110,72,36.4238,23.8411
4503,299,113,113,73,37.7926,24.4147
4504,300,114,111,75,37.0000,25.0000
4505,298,112,110,76,36.9128,25.5034
4506,297,108,110,79,37.0370,26.5993
4507,299,106,111,82,37.1237,27.4247
4508,300,108,112,80,37.3333,26.6667
4509,295,105,111,79,37.6271,26.7797
4510,292,104,109,79,37.3288,27.0548
4511,293,100,111,82,37.8840,27.9863
4512,292,102,111,79,38.0137,27.0548
4513,292,102,106,84,36.3014,28.7671
4514,293,98,110,85,37.5427,29.0102
4515,295,98,108,89,36.6102,30.1695
4516,292,92,109,91,37.3288,31.1644
4517,292,92,106,94,36.3014,32.1918
4518,289,94,101,94,34.9481,32.5260
4519,288,95,97,96,33.6806,33.3333
4520,287,94,90,103,31.3589,35.8885
4521,284,89,91,104,32.0423,36.6197
4522,280,88,88,104,31.4286,37.1429
4523,277,85,85,107,30.6859,38.6282
4524,278,83,84,111,30.2158,39.9281
4525,276,79,86,111,31.1594,40.2174
4526,274,82,83,109,30.2920,39.7810
4527,273,79,83,111,30.4029,40.6593
4528,274,78,84,112,30.6569,40.8759
4529,274,80,80,114,29.1971,41.6058
4530,273,82,78,113,28.5714,41.3919
4531,271,81,78,112,28.7823,41.3284
4532,271,83,75,113,27.6753,41.6974
4533,270,76,81,113,30.0000,41.8519
4534,271,75,77,119,28.4133,43.9114
4535,274,75,77,122,28.1022,44.5255
4536,274,74,75,125,27.3723,45.6204
4537,275,78,71,126,25.8182,45.8182
4538,272,76,71,125,26.1029,45.9559
4539,272,77,71,124,26.1029,45.5882
4540,275,72,78,125,28.3636,45.4545
4541,274,75,76,123,27.7372,44.8905
4542,275,77,76,122,27.6364,44.3636
4543,274,79,73,122,26.6423,44.5255
4544,276,74,80,122,28.9855,44.2029
4545,273,72,79,122,28.9377,44.6886
4546,270,68,79,123,29.2593,45.5556
4547,272,69,82,121,30.1471,44.4853
4548,273,71,80,122,29.3040,44.6886
4549,271,69,78,124,28.7823,45.7565
4550,273,73,77,123,28.2051,45.0549
4551,274,72,76,126,27.7372,45.9854
4552,273,69,76,128,27.8388,46.8864
4553,272,72,72,128,26.4706,47.0588
4554,273,71,70,132,25.6410,48.3516
4555,273,72,67,134,24.5421,49.0842
4556,276,75,69,132,25.0000,47.8261
4557,276,79,68,129,24.6377,46.7391
4558,278,84,67,127,24.1007,45.6835
4559,276,86,65,125,23.5507,45.2899
4560,280,92,65,123,23.2143,43.9286
4561,277,96,58,123,20.9386,44.4043
4562,282,104,56,122,19.8582,43.2624
4563,281,105,58,118,20.6406,41.9929
4564,283,107,54,122,19.0813,43.1095
4565,289,119,50,120,17.3010,41.5225
4566,292,123,51,118,17.4658,40.4110
4567,293,130,49,114,16.7235,38.9078
4568,292,132,43,117,14.7260,40.0685
4569,293,136,41,116,13.9932,39.5904
4570,295,138,43,114,14.5763,38.6441
4571,298,145,41,112,13.7584,37.5839
4572,299,152,41,106,13.7124,35.4515
4573,300,154,41,105,13.6667,35.0000
4574,299,152,42,105,14.0468,35.1171
4575,304,160,40,104,13.1579,34.2105
4576,301,162,38,101,12.6246,33.5548
4577,299,160,38,101,12.7090,33.7793
4578,301,163,39,99,12.9568,32.8904
4579,300,164,39,97,13.0000,32.3333
4580,299,165,38,96,12.7090,32.1070
4581,299,169,38,92,12.7090,30.7692
4582,301,168,40,93,13.2890,30.8970
4583,300,168,39,93,13.0000,31.0000
4584,299,169,39,91,13.0435,30.4348
4585,301,167,43,91,14.2857,30.2326
4586,300,171,44,85,14.6667,28.3333
4587,298,167,48,83,16.1074,27.8523
4588,299,169,50,80,16.7224,26.7559
4589,303,170,54,79,17.8218,26.0726
4590,303,168,53,82,17.4917,27.0627
4591,303,166,55,82,18.1518,27.0627
4592,301,162,57,82,18.9369,27.2425
4593,301,158,60,83,19.9336,27.5748
4594,299,159,57,83,19.0635,27.7592
4595,298,157,60,81,20.1342,27.1812
4596,299,159,59,81,19.7324,27.0903
4597,298,155,63,80,21.1409,26.8456
4598,298,152,68,78,22.8188,26.1745
4599,302,152,73,77,24.1722,25.4967
4600,301,152,75,74,24.9169,24.5847
4601,301,150,79,72,26.2458,23.9203
4602,299,146,82,71,27.4247,23.7458
4603,298,144,86,68,28.8591,22.8188
4604,300,142,90,68,30.0000,22.6667
4605,298,139,93,66,31.2081,22.1477
4606,297,139,92,66,30.9764,22.2222
4607,293,134,94,65,32.0819,22.1843
4608,294,131,96,67,32.6531,22.7891
4609,294,132,94,68,31.9728,23.1293
4610,293,130,93,70,31.7406,23.8908
4611,296,130,97,69,32.7703,23.3108
4612,301,128,102,71,33.8870,23.5880
4613,296,123,102,71,34.4595,23.9865
4614,295,124,102,69,34.5763,23.3898
4615,295,118,107,70,36.2712,23.7288
4616,293,118,109,66,37.2014,22.5256
4617,294,118,112,64,38.0952,21.7687
4618,291,117,108,66,37.1134,22.6804
4619,288,116,105,67,36.4583,23.2639
4620,286,112,109,65,38.1119,22.7273
4621,285,115,108,62,37.8947,21.7544
4622,285,113,108,64,37.8947,22.4561
4623,285,110,107,68,37.5439,23.8596
4624,284,108,107,69,37.6761,24.2958
4625,280,109,102,69,36.4286,24.6429
4626,280,108,101,71,36.0714,25.3571
4627,281,108,102,71,36.2989,25.2669
4628,276,104,98,74,35.5072,26.8116
4629,276,103,98,75,35.5072,27.1739
4630,274,101,98,75,35.7664,27.3723
4631,275,103,94,78,34.1818,28.3636
4632,270,102,90,78,33.3333,28.8889
4633,269,97,91,81,33.8290,30.1115
4634,266,97,89,80,33.4586,30.0752
4635,264,94,89,81,33.7121,30.6818
4636,261,93,86,82,32.9502,31.4176
4637,261,85,94,82,36.0153,31.4176
4638,264,85,93,86,35.2273,32.5758
4639,263,85,91,87,34.6008,33.0798
4640,262,83,90,89,34.3511,33.9695
4641,260,83,86,91,33.0769,35.0000
4642,259,85,86,88,33.2046,33.9768
4643,258,84,83,91,32.1705,35.2713
4644,256,83,80,93,31.2500,36.3281
4645,257,80,84,93,32.6848,36.1868
4646,257,82,80,95,31.1284,36.9650
4647,253,79,79,95,31.2253,37.5494
4648,250,77,79,94,31.6000,37.6000
4649,250,75,78,97,31.2000,38.8000
4650,252,76,77,99,30.5556,39.2857
4651,254,74,80,100,31.4961,39.3701
4652,257,76,78,103,30.3502,40.0778
4653,255,74,76,105,29.8039,41.1765
4654,256,71,76,109,29.6875,42.5781
4655,254,70,75,109,29.5276,42.9134
4656,254,74,72,108,28.3465,42.5197
4657,252,76,66,110,26.1905,43.6508
4658,249,79,63,107,25.3012,42.9719
4659,246,81,60,105,24.3902,42.6829
4660,246,85,59,102,23.9837,41.4634
4661,248,86,59,103,23.7903,41.5323
4662,248,86,60,102,24.1935,41.1290
4663,247,88,57,102,23.0769,41.2955
4664,247,90,57,100,23.0769,40.4858
4665,246,91,56,99,22.7642,40.2439
4666,247,93,51,103,20.6478,41.7004
4667,248,95,50,103,20.1613,41.5323
4668,248,94,48,106,19.3548,42.7419
4669,251,100,44,107,17.5299,42.6295
4670,253,106,41,106,16.2055,41.8972
4671,253,109,40,104,15.8103,41.1067
4672,252,114,35,103,13.8889,40.8730
4673,257,118,34,105,13.2296,40.8560
4674,258,122,31,105,12.0155,40.6977
4675,263,130,31,102,11.7871,38.7833
4676,262,132,29,101,11.0687,38.5496
4677,264,134,30,100,11.3636,37.8788
4678,264,138,28,98,10.6061,37.1212
4679,266,144,24,98,9.0226,36.8421
4680,271,151,26,94,9.5941,34.6863
4681,273,151,30,92,10.9890,33.6996
4682,272,149,29,94,10.6618,34.5588
4683,277,157,28,92,10.1083,33.2130
4684,278,158,28,92,10.0719,33.0935
4685,280,160,30,90,10.7143,32.1429
4686,279,159,30,90,10.7527,32.2581
4687,282,162,32,88,11.3475,31.2057
4688,286,168,31,87,10.8392,30.4196
4689,288,170,32,86,11.1111,29.8611
4690,292,175,36,81,12.3288,27.7397
4691,293,174,40,79,13.6519,26.9625
4692,295,175,42,78,14.2373,26.4407
4693,297,179,43,75,14.4781,25.2525
4694,299,179,46,74,15.3846,24.7492
4695,302,181,50,71,16.5563,23.5099
4696,299,182,49,68,16.3880,22.7425
4697,301,182,51,68,16.9435,22.5914
4698,300,183,52,65,17.3333,21.6667
4699,300,179,56,65,18.6667,21.6667
4700,299,178,56,65,18.7291,21.7391
4701,297,173,59,65,19.8653,21.8855
4702,301,174,63,64,20.9302,21.2625
4703,300,171,67,62,22.3333,20.6667
4704,299,170,71,58,23.7458,19.3980
4705,299,169,73,57,24.4147,19.0635
4706,301,172,74,55,24.5847,18.2724
4707,301,166,78,57,25.9136,18.9369
4708,299,162,79,58,26.4214,19.3980
4709,301,162,83,56,27.5748,18.6047
4710,301,155,89,57,29.5681,18.9369
4711,297,147,92,58,30.9764,19.5286
4712,298,145,94,59,31.5436,19.7987
4713,299,145,96,58,32.1070,19.3980
4714,303,145,100,58,33.0033,19.1419
4715,299,137,104,58,34.7826,19.3980
4716,301,134,108,59,35.8804,19.6013
4717,300,128,111,61,37.0000,20.3333
4718,297,127,113,57,38.0471,19.1919
4719,293,119,117,57,39.9317,19.4539
4720,295,111,130,54,44.0678,18.3051
4721,296,111,127,58,42.9054,19.5946
4722,293,108,127,58,43.3447,19.7952
4723,290,100,129,61,44.4828,21.0345
4724,288,94,132,62,45.8333,21.5278
4725,290,92,134,64,46.2069,22.0690
4726,294,91,139,64,47.2789,21.7687
4727,292,89,139,64,47.6027,21.9178
4728,292,88,136,68,46.5753,23.2877
4729,291,84,138,69,47.4227,23.7113
4730,290,82,135,73,46.5517,25.1724
4731,287,79,135,73,47.0383,25.4355
4732,285,79,128,78,44.9123,27.3684
4733,281,79,124,78,44.1281,27.7580
4734,279,78,123,78,44.0860,27.9570
4735,276,73,122,81,44.2029,29.3478
4736,272,72,114,86,41.9118,31.6176
4737,273,69,115,89,42.1245,32.6007
4738,272,69,113,90,41.5441,33.0882
4739,273,69,109,95,39.9267,34.7985
4740,270,68,105,97,38.8889,35.9259
4741,268,69,95,104,35.4478,38.8060
4742,266,64,95,107,35.7143,40.2256
4743,264,64,89,111,33.7121,42.0455
4744,261,64,83,114,31.8008,43.6782
4745,258,60,81,117,31.3953,45.3488
4746,256,59,75,122,29.2969,47.6562
4747,256,60,73,123,28.5156,48.0469
4748,255,59,70,126,27.4510,49.4118
4749,252,60,65,127,25.7937,50.3968
4750,251,62,62,127,24.7012,50.5976
4751,250,61,59,130,23.6000,52.0000
4752,251,62,58,131,23.1076,52.1912
4753,251,66,57,128,22.7092,50.9960
4754,250,67,55,128,22.0000,51.2000
4755,251,69,50,132,19.9203,52.5896
4756,250,70,47,133,18.8000,53.2000
4757,249,73,43,133,17.2691,53.4137
4758,250,76,41,133,16.4000,53.2000
4759,253,80,40,133,15.8103,52.5692
4760,250,82,37,131,14.8000,52.4000
4761,253,86,35,132,13.8340,52.1739
4762,257,92,34,131,13.2296,50.9728
4763,257,95,30,132,11.6732,51.3619
4764,261,100,29,132,11.1111,50.5747
4765,263,102,27,134,10.2662,50.9506
4766,262,104,25,133,9.5420,50.7634
4767,267,108,27,132,10.1124,49.4382
4768,268,108,28,132,10.4478,49.2537
4769,271,112,26,133,9.5941,49.0775
4770,276,113,30,133,10.8696,48.1884
4771,274,114,27,133,9.8540,48.5401
4772,275,116,26,133,9.4545,48.3636
4773,279,126,26,127,9.3190,45.5197
4774,282,130,27,125,9.5745,44.3262
4775,287,139,26,122,9.0592,42.5087
4776,287,143,25,119,8.7108,41.4634
4777,290,147,28,115,9.6552,39.6552
4778,293,152,28,113,9.5563,38.5666
4779,295,154,30,111,10.1695,37.6271
4780,299,163,30,106,10.0334,35.4515
4781,300,162,31,107,10.3333,35.6667
4782,300,164,34,102,11.3333,34.0000
4783,299,163,36,100,12.0401,33.4448
4784,302,169,37,96,12.2517,31.7881
4785,301,164,40,97,13.2890,32.2259
4786,301,160,45,96,14.9502,31.8937
4787,299,163,44,92,14.7157,30.7692
4788,300,170,44,86,14.6667,28.6667
4789,300,173,45,82,15.0000,27.3333
4790,300,175,42,83,14.0000,27.6667
4791,298,176,43,79,14.4295,26.5101
4792,301,178,48,75,15.9468,24.9169
4793,301,179,54,68,17.9402,22.5914
4794,301,176,60,65,19.9336,21.5947
4795,301,170,69,62,22.9236,20.5980
4796,301,167,76,58,25.2492,19.2691
4797,299,166,77,56,25.7525,18.7291
4798,301,167,83,51,27.5748,16.9435
4799,301,158,91,52,30.2326,17.2757
4800,298,153,95,50,31.8792,16.7785
4801,299,154,96,49,32.1070,16.3880
4802,301,153,97,51,32.2259,16.9435
4803,297,152,96,49,32.3232,16.4983
4804,299,152,99,48,33.1104,16.0535
4805,300,152,99,49,33.0000,16.3333
4806,297,145,101,51,34.0067,17.1717
4807,298,141,107,50,35.9060,16.7785
4808,299,135,114,50,38.1271,16.7224
4809,299,127,123,49,41.1371,16.3880
4810,300,120,133,47,44.3333,15.6667
4811,299,113,141,45,47.1572,15.0502
4812,299,102,149,48,49.8328,16.0535
4813,298,97,151,50,50.6711,16.7785
4814,295,92,152,51,51.5254,17.2881
4815,291,87,152,52,52.2337,17.8694
4816,286,83,148,55,51.7483,19.2308
4817,284,79,151,54,53.1690,19.0141
4818,282,74,151,57,53.5461,20.2128
4819,278,69,149,60,53.5971,21.5827
4820,275,71,143,61,52.0000,22.1818
4821,273,68,143,62,52.3810,22.7106
4822,274,67,143,64,52.1898,23.3577
4823,271,64,141,66,52.0295,24.3542
4824,272,63,141,68,51.8382,25.0000
4825,270,61,140,69,51.8519,25.5556
4826,267,56,139,72,52.0599,26.9663
4827,266,55,136,75,51.1278,28.1955
4828,261,51,131,79,50.1916,30.2682
4829,257,49,123,85,47.8599,33.0739
4830,251,48,111,92,44.2231,36.6534
4831,247,45,107,95,43.3198,38.4615
4832,240,40,102,98,42.5000,40.8333
4833,236,41,94,101,39.8305,42.7966
4834,231,41,87,103,37.6623,44.5887
4835,229,42,81,106,35.3712,46.2882
4836,229,45,75,109,32.7511,47.5983
4837,229,45,71,113,31.0044,49.3450
4838,229,49,67,113,29.2576,49.3450
4839,226,47,61,118,26.9912,52.2124
4840,225,45,61,119,27.1111,52.8889
4841,225,46,59,120,26.2222,53.3333
4842,223,48,55,120,24.6637,53.8117
4843,222,47,56,119,25.2252,53.6036
4844,221,48,50,123,22.6244,55.6561
4845,224,50,50,124,22.3214,55.3571
4846,228,52,46,130,20.1754,57.0175
4847,229,53,46,130,20.0873,56.7686
4848,228,55,42,131,18.4211,57.4561
4849,229,59,39,131,17.0306,57.2052
4850,231,60,38,133,16.4502,57.5758
4851,232,63,34,135,14.6552,58.1897
4852,231,66,30,135,12.9870,58.4416
4853,231,68,26,137,11.2554,59.3074
4854,229,70,25,134,10.9170,58.5153
4855,228,72,23,133,10.0877,58.3333
4856,229,73,23,133,10.0437,58.0786
4857,230,76,22,132,9.5652,57.3913
4858,231,80,22,129,9.5238,55.8442
4859,234,86,21,127,8.9744,54.2735
4860,231,86,18,127,7.7922,54.9784
4861,234,88,20,126,8.5470,53.8462
4862,235,90,19,126,8.0851,53.6170
4863,236,92,17,127,7.2034,53.8136
4864,235,96,15,124,6.3830,52.7660
4865,234,100,14,120,5.9829,51.2821
4866,234,101,13,120,5.5556,51.2821
4867,237,105,14,118,5.9072,49.7890
4868,236,109,12,115,5.0847,48.7288
4869,237,111,13,113,5.4852,47.6793
4870,241,116,16,109,6.6390,45.2282
4871,244,122,16,106,6.5574,43.4426
4872,246,126,16,104,6.5041,42.2764
4873,248,131,17,100,6.8548,40.3226
4874,251,135,17,99,6.7729,39.4422
4875,253,138,19,96,7.5099,37.9447
4876,255,141,20,94,7.8431,36.8627
4877,255,139,23,93,9.0196,36.4706
4878,256,142,23,91,8.9844,35.5469
4879,256,143,25,88,9.7656,34.3750
4880,257,144,28,85,10.8949,33.0739
4881,259,151,28,80,10.8108,30.8880
4882,261,160,27,74,10.3448,28.3525
4883,264,165,28,71,10.6061,26.8939
4884,265,168,29,68,10.9434,25.6604
4885,267,170,34,63,12.7341,23.5955
4886,274,174,40,60,14.5985,21.8978
4887,274,174,41,59,14.9635,21.5328
4888,276,176,44,56,15.9420,20.2899
4889,280,180,49,51,17.5000,18.2143
4890,282,181,50,51,17.7305,18.0851
4891,282,179,57,46,20.2128,16.3121
4892,282,179,58,45,20.5674,15.9574
4893,284,176,63,45,22.1831,15.8451
4894,284,174,68,42,23.9437,14.7887
4895,283,169,72,42,25.4417,14.8410
4896,282,165,79,38,28.0142,13.4752
4897,283,165,80,38,28.2686,13.4276
4898,285,164,88,33,30.8772,11.5789
4899,288,164,90,34,31.2500,11.8056
4900,291,162,93,36,31.9588,12.3711
4901,291,161,92,38,31.6151,13.0584
4902,291,160,95,36,32.6460,12.3711
4903,293,157,103,33,35.1536,11.2628
4904,294,156,106,32,36.0544,10.8844
4905,292,149,112,31,38.3562,10.6164
4906,291,143,114,34,39.1753,11.6838
4907,290,139,113,38,38.9655,13.1034
4908,291,136,117,38,40.2062,13.0584
4909,290,132,116,42,40.0000,14.4828
4910,291,122,125,44,42.9553,15.1203
4911,289,114,127,48,43.9446,16.6090
4912,295,115,129,51,43.7288,17.2881
4913,292,109,129,54,44.1781,18.4932
4914,292,107,130,55,44.5205,18.8356
4915,292,102,135,55,46.2329,18.8356
4916,289,97,130,62,44.9827,21.4533
4917,288,92,130,66,45.1389,22.9167
4918,290,90,131,69,45.1724,23.7931
4919,293,85,135,73,46.0751,24.9147
4920,294,83,136,75,46.2585,25.5102
4921,292,76,138,78,47.2603,26.7123
4922,291,69,143,79,49.1409,27.1478
4923,289,65,142,82,49.1349,28.3737
4924,286,62,138,86,48.2517,30.0699
4925,284,58,134,92,47.1831,32.3944
4926,282,56,130,96,46.0993,34.0426
4927,279,55,126,98,45.1613,35.1254
4928,277,55,123,99,44.4043,35.7401
4929,275,53,121,101,44.0000,36.7273
4930,273,53,116,104,42.4908,38.0952
4931,269,49,109,111,40.5204,41.2639
4932,265,46,104,115,39.2453,43.3962
4933,263,44,101,118,38.4030,44.8669
4934,261,45,95,121,36.3985,46.3602
4935,262,48,91,123,34.7328,46.9466
4936,259,47,87,125,33.5907,48.2625
4937,256,45,84,127,32.8125,49.6094
4938,258,47,82,129,31.7829,50.0000
4939,255,49,75,131,29.4118,51.3725
4940,257,53,72,132,28.0156,51.3619
4941,253,49,67,137,26.4822,54.1502
4942,251,47,62,142,24.7012,56.5737
4943,250,50,57,143,22.8000,57.2000
4944,248,49,54,145,21.7742,58.4677
4945,250,51,53,146,21.2000,58.4000
4946,248,52,47,149,18.9516,60.0806
4947,248,52,47,149,18.9516,60.0806
4948,252,55,46,151,18.2540,59.9206
4949,256,59,44,153,17.1875,59.7656
4950,257,61,44,152,17.1206,59.1440
4951,259,62,45,152,17.3745,58.6873
4952,264,65,47,152,17.8030,57.5758
4953,265,71,44,150,16.6038,56.6038
4954,266,72,42,152,15.7895,57.1429
4955,269,74,44,151,16.3569,56.1338
4956,270,73,46,151,17.0370,55.9259
4957,270,75,45,150,16.6667,55.5556
4958,270,79,41,150,15.1852,55.5556
4959,272,85,40,147,14.7059,54.0441
4960,273,85,40,148,14.6520,54.2125
4961,277,93,35,149,12.6354,53.7906
4962,282,97,36,149,12.7660,52.8369
4963,280,101,35,144,12.5000,51.4286
4964,280,104,35,141,12.5000,50.3571
4965,282,107,37,138,13.1206,48.9362
4966,283,107,37,139,13.0742,49.1166
4967,285,109,38,138,13.3333,48.4211
4968,288,119,38,131,13.1944,45.4861
4969,290,123,38,129,13.1034,44.4828
4970,293,130,39,124,13.3106,42.3208
4971,295,134,41,120,13.8983,40.6780
4972,297,136,42,119,14.1414,40.0673
4973,297,142,38,117,12.7946,39.3939
4974,299,146,37,116,12.3746,38.7960
4975,305,154,38,113,12.4590,37.0492
4976,303,154,37,112,12.2112,36.9637
4977,301,158,37,106,12.2924,35.2159
4978,300,162,36,102,12.0000,34.0000
4979,300,161,39,100,13.0000,33.3333
4980,299,157,42,100,14.0468,33.4448
4981,299,158,43,98,14.3813,32.7759
4982,302,162,45,95,14.9007,31.4570
4983,301,163,50,88,16.6113,29.2359
4984,300,162,54,84,18.0000,28.0000
4985,300,161,58,81,19.3333,27.0000
4986,298,163,57,78,19.1275,26.1745
4987,300,160,62,78,20.6667,26.0000
4988,300,159,65,76,21.6667,25.3333
4989,300,156,68,76,22.6667,25.3333
4990,300,155,70,75,23.3333,25.0000
4991,300,153,73,74,24.3333,24.6667
4992,298,152,71,75,23.8255,25.1678
4993,297,153,74,70,24.9158,23.5690
4994,299,159,76,64,25.4181,21.4047
4995,299,160,77,62,25.7525,20.7358
4996,300,160,79,61,26.3333,20.3333
4997,298,155,82,61,27.5168,20.4698
4998,299,155,86,58,28.7625,19.3980
4999,303,153,91,59,30.0330,19.4719
5000,300,145,97,58,32.3333,19.3333
5001,299,142,100,57,33.4448,19.0635
5002,299,135,106,58,35.4515,19.3980
5003,299,133,107,59,35.7860,19.7324
5004,298,129,110,59,36.9128,19.7987
5005,295,122,114,59,38.6441,20.0000
5006,295,118,119,58,40.3390,19.6610
5007,296,113,122,61,41.2162,20.6081
5008,293,111,119,63,40.6143,21.5017
5009,290,106,121,63,41.7241,21.7241
5010,288,105,119,64,41.3194,22.2222
5011,289,106,119,64,41.1765,22.1453
5012,290,106,120,64,41.3793,22.0690
5013,291,110,120,61,41.2371,20.9622
5014,288,103,125,60,43.4028,20.8333
5015,288,95,133,60,46.1806,20.8333
5016,287,88,139,60,48.4321,20.9059
5017,286,87,136,63,47.5524,22.0280
5018,284,84,136,64,47.8873,22.5352
5019,282,77,139,66,49.2908,23.4043
5020,284,75,136,73,47.8873,25.7042
5021,277,72,131,74,47.2924,26.7148
5022,272,68,129,75,47.4265,27.5735
5023,270,66,127,77,47.0370,28.5185
5024,267,68,121,78,45.3184,29.2135
5025,263,71,109,83,41.4449,31.5589
5026,259,70,101,88,38.9961,33.9768
5027,261,72,97,92,37.1648,35.2490
5028,260,71,99,90,38.0769,34.6154
5029,260,69,99,92,38.0769,35.3846
5030,258,68,95,95,36.8217,36.8217
5031,256,65,94,97,36.7188,37.8906
5032,254,63,95,96,37.4016,37.7953
5033,254,65,91,98,35.8268,38.5827
5034,257,65,93,99,36.1868,38.5214
5035,250,62,84,104,33.6000,41.6000
5036,247,63,77,107,31.1741,43.3198
5037,243,61,72,110,29.6296,45.2675
5038,243,61,72,110,29.6296,45.2675
5039,240,63,65,112,27.0833,46.6667
5040,243,65,62,116,25.5144,47.7366
5041,240,67,56,117,23.3333,48.7500
5042,242,70,53,119,21.9008,49.1736
5043,240,75,49,116,20.4167,48.3333
5044,240,77,49,114,20.4167,47.5000
5045,240,72,54,114,22.5000,47.5000
5046,240,70,56,114,23.3333,47.5000
5047,239,64,60,115,25.1046,48.1172
5048,241,64,61,116,25.3112,48.1328
5049,240,66,55,119,22.9167,49.5833
5050,242,70,53,119,21.9008,49.1736
5051,242,72,51,119,21.0744,49.1736
5052,240,72,50,118,20.8333,49.1667
5053,239,71,49,119,20.5021,49.7908
5054,241,72,51,118,21.1618,48.9627
5055,241,77,48,116,19.9170,48.1328
5056,239,79,46,114,19.2469,47.6987
5057,243,84,44,115,18.1070,47.3251
5058,244,84,46,114,18.8525,46.7213
5059,243,85,47,111,19.3416,45.6790
5060,243,79,55,109,22.6337,44.8560
5061,242,81,52,109,21.4876,45.0413
5062,244,83,55,106,22.5410,43.4426
5063,245,80,58,107,23.6735,43.6735
5064,249,84,59,106,23.6948,42.5703
5065,246,86,54,106,21.9512,43.0894
5066,247,87,50,110,20.2429,44.5344
5067,248,88,48,112,19.3548,45.1613
5068,247,92,42,113,17.0040,45.7490
5069,247,95,41,111,16.5992,44.9393
5070,250,97,44,109,17.6000,43.6000
5071,252,101,44,107,17.4603,42.4603
5072,252,106,45,101,17.8571,40.0794
5073,255,110,45,100,17.6471,39.2157
5074,255,107,47,101,18.4314,39.6078
5075,254,109,47,98,18.5039,38.5827
5076,254,110,48,96,18.8976,37.7953
5077,255,111,54,90,21.1765,35.2941
5078,255,117,51,87,20.0000,34.1176
5079,260,120,56,84,21.5385,32.3077
5080,260,122,54,84,20.7692,32.3077
5081,258,121,53,84,20.5426,32.5581
5082,259,123,55,81,21.2355,31.2741
5083,258,126,52,80,20.1550,31.0078
5084,258,123,53,82,20.5426,31.7829
5085,260,126,54,80,20.7692,30.7692
5086,260,125,57,78,21.9231,30.0000
5087,260,125,62,73,23.8462,28.0769
5088,264,128,67,69,25.3788,26.1364
5089,266,131,70,65,26.3158,24.4361
5090,267,133,68,66,25.4682,24.7191
5091,267,136,68,63,25.4682,23.5955
5092,268,139,70,59,26.1194,22.0149
5093,268,138,71,59,26.4925,22.0149
5094,270,140,70,60,25.9259,22.2222
5095,270,135,73,62,27.0370,22.9630
5096,267,134,70,63,26.2172,23.5955
5097,267,131,72,64,26.9663,23.9700
5098,267,130,70,67,26.2172,25.0936
5099,267,129,72,66,26.9663,24.7191
5100,266,128,72,66,27.0677,24.8120
5101,268,133,70,65,26.1194,24.2537
5102,269,127,74,68,27.5093,25.2788
5103,275,129,78,68,28.3636,24.7273
5104,273,130,73,70,26.7399,25.6410
5105,275,132,76,67,27.6364,24.3636
5106,276,132,76,68,27.5362,24.6377
5107,273,132,73,68,26.7399,24.9084
5108,273,135,69,69,25.2747,25.2747
5109,272,133,67,72,24.6324,26.4706
5110,273,132,69,72,25.2747,26.3736
5111,273,129,71,73,26.0073,26.7399
5112,272,123,76,73,27.9412,26.8382
5113,275,127,75,73,27.2727,26.5455
5114,274,123,75,76,27.3723,27.7372
5115,274,125,73,76,26.6423,27.7372
5116,272,124,72,76,26.4706,27.9412
5117,270,123,72,75,26.6667,27.7778
5118,270,126,72,72,26.6667,26.6667
5119,270,123,75,72,27.7778,26.6667
5120,271,124,75,72,27.6753,26.5683
5121,267,116,79,72,29.5880,26.9663
5122,265,115,73,77,27.5472,29.0566
5123,268,112,78,78,29.1045,29.1045
5124,267,109,80,78,29.9625,29.2135
5125,268,112,78,78,29.1045,29.1045
5126,269,114,78,77,28.9963,28.6245
5127,271,111,81,79,29.8893,29.1513
5128,271,110,82,79,30.2583,29.1513
5129,273,112,81,80,29.6703,29.3040
5130,274,110,84,80,30.6569,29.1971
5131,274,105,88,81,32.1168,29.5620
5132,273,101,91,81,33.3333,29.6703
5133,276,103,88,85,31.8841,30.7971
5134,278,103,90,85,32.3741,30.5755
5135,279,101,89,89,31.8996,31.8996
5136,280,103,89,88,31.7857,31.4286
5137,282,101,91,90,32.2695,31.9149
5138,284,98,92,94,32.3944,33.0986
5139,285,100,89,96,31.2281,33.6842
5140,284,101,87,96,30.6338,33.8028
5141,282,101,81,100,28.7234,35.4610
5142,285,104,82,99,28.7719,34.7368
5143,285,104,79,102,27.7193,35.7895
5144,285,101,78,106,27.3684,37.1930
5145,285,103,76,106,26.6667,37.1930
5146,285,107,76,102,26.6667,35.7895
5147,287,105,78,104,27.1777,36.2369
5148,292,110,78,104,26.7123,35.6164
5149,291,106,82,103,28.1787,35.3952
5150,293,107,82,104,27.9863,35.4949
5151,294,108,78,108,26.5306,36.7347
5152,296,110,77,109,26.0135,36.8243
5153,296,115,73,108,24.6622,36.4865
5154,300,122,72,106,24.0000,35.3333
5155,298,122,68,108,22.8188,36.2416
5156,296,121,68,107,22.9730,36.1486
5157,296,119,68,109,22.9730,36.8243
5158,295,116,68,111,23.0508,37.6271
5159,294,118,66,110,22.4490,37.4150
5160,295,121,65,109,22.0339,36.9492
5161,300,127,69,104,23.0000,34.6667
5162,298,123,70,105,23.4899,35.2349
5163,298,120,72,106,24.1611,35.5705
5164,297,117,70,110,23.5690,37.0370
5165,302,121,72,109,23.8411,36.0927
5166,302,123,71,108,23.5099,35.7616
5167,302,119,75,108,24.8344,35.7616
5168,299,118,70,111,23.4114,37.1237
5169,298,118,65,115,21.8121,38.5906
5170,296,117,66,113,22.2973,38.1757
5171,292,115,64,113,21.9178,38.6986
5172,292,117,64,111,21.9178,38.0137
5173,290,113,66,111,22.7586,38.2759
5174,290,118,66,106,22.7586,36.5517
5175,291,115,70,106,24.0550,36.4261
5176,292,117,68,107,23.2877,36.6438
5177,293,120,67,106,22.8669,36.1775
5178,293,113,73,107,24.9147,36.5188
5179,292,113,74,105,25.3425,35.9589
5180,295,111,80,104,27.1186,35.2542
5181,297,110,81,106,27.2727,35.6902
5182,297,110,80,107,26.9360,36.0269
5183,296,105,81,110,27.3649,37.1622
5184,295,106,79,110,26.7797,37.2881
5185,295,112,77,106,26.1017,35.9322
5186,298,112,79,107,26.5101,35.9060
5187,296,114,76,106,25.6757,35.8108
5188,298,114,78,106,26.1745,35.5705
5189,299,113,81,105,27.0903,35.1171
5190,299,111,84,104,28.0936,34.7826
5191,295,108,84,103,28.4746,34.9153
5192,296,103,89,104,30.0676,35.1351
5193,297,106,90,101,30.3030,34.0067
5194,299,107,90,102,30.1003,34.1137
5195,298,107,91,100,30.5369,33.5570
5196,299,112,89,98,29.7659,32.7759
5197,302,117,90,95,29.8013,31.4570
5198,298,110,89,99,29.8658,33.2215
5199,297,112,87,98,29.2929,32.9966
5200,298,116,84,98,28.1879,32.8859
