tick,total,susceptible,infected,immune,pct_infected,pct_immune
0,150,56,10,84,6.6667,56.0000
1,152,56,12,84,7.8947,55.2632
2,153,57,12,84,7.8431,54.9020
3,153,57,13,83,8.4967,54.2484
4,153,57,13,83,8.4967,54.2484
5,155,58,14,83,9.0323,53.5484
6,156,59,14,83,8.9744,53.2051
7,156,59,14,83,8.9744,53.2051
8,160,63,14,83,8.7500,51.8750
9,163,65,15,83,9.2025,50.9202
10,165,66,16,83,9.6970,50.3030
11,165,64,18,83,10.9091,50.3030
12,167,65,19,83,11.3772,49.7006
13,167,63,21,83,12.5749,49.7006
14,170,66,21,83,12.3529,48.8235
15,171,67,21,83,12.2807,48.5380
16,173,69,21,83,12.1387,47.9769
17,176,70,23,83,13.0682,47.1591
18,179,72,24,83,13.4078,46.3687
19,180,71,26,83,14.4444,46.1111
20,180,71,26,83,14.4444,46.1111
21,177,71,16,90,9.0395,50.8475
22,180,71,18,91,10.0000,50.5556
23,181,71,19,91,10.4972,50.2762
24,184,74,18,92,9.7826,50.0000
25,184,74,18,92,9.7826,50.0000
26,184,72,19,93,10.3261,50.5435
27,185,72,20,93,10.8108,50.2703
28,186,73,20,93,10.7527,50.0000
29,186,71,21,94,11.2903,50.5376
30,188,72,22,94,11.7021,50.0000
31,188,73,19,96,10.1064,51.0638
32,191,76,19,96,9.9476,50.2618
33,195,79,19,97,9.7436,49.7436
34,195,80,17,98,8.7179,50.2564
35,197,82,17,98,8.6294,49.7462
36,198,82,18,98,9.0909,49.4949
37,201,83,19,99,9.4527,49.2537
38,203,85,17,101,8.3744,49.7537
39,205,87,16,102,7.8049,49.7561
40,205,87,15,103,7.3171,50.2439
41,207,89,15,103,7.2464,49.7585
42,210,92,12,106,5.7143,50.4762
43,212,93,12,107,5.6604,50.4717
44,215,96,11,108,5.1163,50.2326
45,218,98,12,108,5.5046,49.5413
46,218,99,10,109,4.5872,50.0000
47,218,99,10,109,4.5872,50.0000
48,219,97,13,109,5.9361,49.7717
49,221,98,14,109,6.3348,49.3213
50,223,102,11,110,4.9327,49.3274
51,226,105,11,110,4.8673,48.6726
52,228,190,11,27,4.8246,11.8421
53,229,190,11,28,4.8035,12.2271
54,231,191,12,28,5.1948,12.1212
55,236,196,12,28,5.0847,11.8644
56,240,199,13,28,5.4167,11.6667
57,241,197,15,29,6.2241,12.0332
58,243,199,14,30,5.7613,12.3457
59,246,201,15,30,6.0976,12.1951
60,248,203,15,30,6.0484,12.0968
61,251,203,18,30,7.1713,11.9522
62,253,198,25,30,9.8814,11.8577
63,254,195,29,30,11.4173,11.8110
64,254,193,30,31,11.8110,12.2047
65,258,194,33,31,12.7907,12.0155
66,259,193,35,31,13.5135,11.9691
67,262,192,38,32,14.5038,12.2137
68,266,195,37,34,13.9098,12.7820
69,266,192,40,34,15.0376,12.7820
70,267,190,43,34,16.1049,12.7341
71,273,190,49,34,17.9487,12.4542
72,275,184,57,34,20.7273,12.3636
73,278,186,64,28,23.0216,10.0719
74,282,187,68,27,24.1135,9.5745
75,284,177,79,28,27.8169,9.8592
76,285,178,80,27,28.0702,9.4737
77,285,171,85,29,29.8246,10.1754
78,286,168,90,28,31.4685,9.7902
79,290,168,93,29,32.0690,10.0000
80,293,168,95,30,32.4232,10.2389
81,296,164,102,30,34.4595,10.1351
82,295,156,106,33,35.9322,11.1864
83,296,153,107,36,36.1486,12.1622
84,297,150,109,38,36.7003,12.7946
85,298,144,114,40,38.2550,13.4228
86,301,143,115,43,38.2060,14.2857
87,301,135,120,46,39.8671,15.2824
88,301,128,126,47,41.8605,15.6146
89,299,119,132,48,44.1472,16.0535
90,302,117,137,48,45.3642,15.8940
91,301,111,140,50,46.5116,16.6113
92,299,108,134,57,44.8161,19.0635
93,301,104,133,64,44.1860,21.2625
94,299,102,131,66,43.8127,22.0736
95,300,97,129,74,43.0000,24.6667
96,296,93,129,74,43.5811,25.0000
97,296,90,127,79,42.9054,26.6892
98,292,85,128,79,43.8356,27.0548
99,292,85,124,83,42.4658,28.4247
100,294,79,127,88,43.1973,29.9320
101,297,80,128,89,43.0976,29.9663
102,297,77,124,96,41.7508,32.3232
103,297,73,123,101,41.4141,34.0067
104,298,71,119,108,39.9329,36.2416
105,297,68,114,115,38.3838,38.7205
106,294,63,112,119,38.0952,40.4762
107,291,60,109,122,37.4570,41.9244
108,291,57,107,127,36.7698,43.6426
109,292,58,103,131,35.2740,44.8630
110,290,59,93,138,32.0690,47.5862
111,291,58,90,143,30.9278,49.1409
112,290,57,83,150,28.6207,51.7241
113,295,62,81,152,27.4576,51.5254
114,295,61,79,155,26.7797,52.5424
115,294,59,75,160,25.5102,54.4218
116,290,57,71,162,24.4828,55.8621
117,292,60,68,164,23.2877,56.1644
118,295,61,66,168,22.3729,56.9492
119,297,64,63,170,21.2121,57.2391
120,296,63,61,172,20.6081,58.1081
121,297,64,56,177,18.8552,59.5960
122,297,67,50,180,16.8350,60.6061
123,296,67,46,183,15.5405,61.8243
124,299,69,45,185,15.0502,61.8729
125,298,72,40,186,13.4228,62.4161
126,302,74,38,190,12.5828,62.9139
127,302,72,37,193,12.2517,63.9073
128,301,72,35,194,11.6279,64.4518
129,299,74,30,195,10.0334,65.2174
130,299,75,29,195,9.6990,65.2174
131,302,79,28,195,9.2715,64.5695
132,301,79,27,195,8.9701,64.7841
133,301,78,28,195,9.3023,64.7841
134,301,81,28,192,9.3023,63.7874
135,299,85,24,190,8.0268,63.5452
136,301,91,21,189,6.9767,62.7907
137,301,93,21,187,6.9767,62.1262
138,299,94,21,184,7.0234,61.5385
139,299,95,22,182,7.3579,60.8696
140,303,101,21,181,6.9307,59.7360
141,302,102,20,180,6.6225,59.6026
142,302,104,19,179,6.2914,59.2715
143,302,106,20,176,6.6225,58.2781
144,301,113,19,169,6.3123,56.1462
145,299,118,19,162,6.3545,54.1806
146,304,127,19,158,6.2500,51.9737
147,303,136,15,152,4.9505,50.1650
148,303,135,17,151,5.6106,49.8350
149,303,138,19,146,6.2706,48.1848
150,303,136,22,145,7.2607,47.8548
151,303,140,22,141,7.2607,46.5347
152,302,145,21,136,6.9536,45.0331
153,302,145,21,136,6.9536,45.0331
154,301,152,20,129,6.6445,42.8571
155,301,154,23,124,7.6412,41.1960
156,300,158,25,117,8.3333,39.0000
157,299,162,28,109,9.3645,36.4548
158,303,167,31,105,10.2310,34.6535
159,303,164,33,106,10.8911,34.9835
160,303,162,39,102,12.8713,33.6634
161,303,164,42,97,13.8614,32.0132
162,303,166,47,90,15.5116,29.7030
163,303,169,49,85,16.1716,28.0528
164,303,173,51,79,16.8317,26.0726
165,303,171,55,77,18.1518,25.4125
166,303,171,56,76,18.4818,25.0825
167,302,173,58,71,19.2053,23.5099
168,301,174,58,69,19.2691,22.9236
169,301,172,61,68,20.2658,22.5914
170,300,172,61,67,20.3333,22.3333
171,299,173,62,64,20.7358,21.4047
172,301,176,65,60,21.5947,19.9336
173,300,178,67,55,22.3333,18.3333
174,300,172,76,52,25.3333,17.3333
175,299,167,82,50,27.4247,16.7224
176,298,162,86,50,28.8591,16.7785
177,299,157,92,50,30.7692,16.7224
178,302,156,98,48,32.4503,15.8940
179,301,157,97,47,32.2259,15.6146
180,299,152,93,54,31.1037,18.0602
181,300,154,94,52,31.3333,17.3333
182,299,150,94,55,31.4381,18.3946
183,299,147,93,59,31.1037,19.7324
184,300,145,96,59,32.0000,19.6667
185,299,136,103,60,34.4482,20.0669
186,300,134,102,64,34.0000,21.3333
187,300,129,110,61,36.6667,20.3333
188,299,124,113,62,37.7926,20.7358
189,299,116,116,67,38.7960,22.4080
190,301,116,117,68,38.8704,22.5914
191,300,112,119,69,39.6667,23.0000
192,300,100,129,71,43.0000,23.6667
193,299,98,131,70,43.8127,23.4114
194,298,95,128,75,42.9530,25.1678
195,301,98,123,80,40.8638,26.5781
196,299,92,123,84,41.1371,28.0936
197,295,91,116,88,39.3220,29.8305
198,295,87,118,90,40.0000,30.5085
199,297,86,118,93,39.7306,31.3131
200,298,80,122,96,40.9396,32.2148
201,297,78,119,100,40.0673,33.6700
202,301,78,120,103,39.8671,34.2193
203,300,74,118,108,39.3333,36.0000
204,298,73,114,111,38.2550,37.2483
205,298,69,115,114,38.5906,38.2550
206,299,65,111,123,37.1237,41.1371
207,301,64,108,129,35.8804,42.8571
208,301,62,105,134,34.8837,44.5183
209,300,55,104,141,34.6667,47.0000
210,300,55,98,147,32.6667,49.0000
211,298,56,96,146,32.2148,48.9933
212,299,61,86,152,28.7625,50.8361
213,299,59,85,155,28.4281,51.8395
214,302,63,80,159,26.4901,52.6490
215,299,62,77,160,25.7525,53.5117
216,301,61,78,162,25.9136,53.8206
217,300,59,76,165,25.3333,55.0000
218,299,60,71,168,23.7458,56.1873
219,298,60,65,173,21.8121,58.0537
220,297,59,59,179,19.8653,60.2694
221,298,63,56,179,18.7919,60.0671
222,300,70,52,178,17.3333,59.3333
223,299,68,51,180,17.0569,60.2007
224,301,67,51,183,16.9435,60.7973
225,299,63,52,184,17.3913,61.5385
226,298,64,46,188,15.4362,63.0872
227,300,66,45,189,15.0000,63.0000
228,300,67,42,191,14.0000,63.6667
229,299,67,41,191,13.7124,63.8796
230,301,71,37,193,12.2924,64.1196
231,301,73,37,191,12.2924,63.4551
232,301,80,36,185,11.9601,61.4618
233,300,80,35,185,11.6667,61.6667
234,300,82,34,184,11.3333,61.3333
235,299,87,32,180,10.7023,60.2007
236,300,88,31,181,10.3333,60.3333
237,298,90,28,180,9.3960,60.4027
238,301,96,28,177,9.3023,58.8040
239,301,94,30,177,9.9668,58.8040
240,301,92,33,176,10.9635,58.4718
241,300,98,30,172,10.0000,57.3333
242,299,96,33,170,11.0368,56.8562
243,299,98,33,168,11.0368,56.1873
244,299,99,34,166,11.3712,55.5184
245,300,103,28,169,9.3333,56.3333
246,300,108,27,165,9.0000,55.0000
247,300,112,27,161,9.0000,53.6667
248,299,114,28,157,9.3645,52.5084
249,301,120,25,156,8.3056,51.8272
250,301,121,26,154,8.6379,51.1628
251,301,125,28,148,9.3023,49.1694
252,300,127,29,144,9.6667,48.0000
253,300,131,28,141,9.3333,47.0000
254,300,133,28,139,9.3333,46.3333
255,300,136,29,135,9.6667,45.0000
256,299,137,30,132,10.0334,44.1472
257,299,141,30,128,10.0334,42.8094
258,304,153,32,119,10.5263,39.1447
259,304,159,29,116,9.5395,38.1579
260,304,162,29,113,9.5395,37.1711
261,304,167,29,108,9.5395,35.5263
262,304,168,31,105,10.1974,34.5395
263,303,166,34,103,11.2211,33.9934
264,302,171,34,97,11.2583,32.1192
265,302,174,33,95,10.9272,31.4570
266,302,176,36,90,11.9205,29.8013
267,302,175,36,91,11.9205,30.1325
268,302,173,40,89,13.2450,29.4702
269,301,175,40,86,13.2890,28.5714
270,301,176,44,81,14.6179,26.9103
271,301,178,46,77,15.2824,25.5814
272,299,182,46,71,15.3846,23.7458
273,300,182,47,71,15.6667,23.6667
274,300,179,51,70,17.0000,23.3333
275,300,179,52,69,17.3333,23.0000
276,300,178,54,68,18.0000,22.6667
277,300,176,55,69,18.3333,23.0000
278,300,173,60,67,20.0000,22.3333
279,300,169,66,65,22.0000,21.6667
280,300,170,67,63,22.3333,21.0000
281,300,168,71,61,23.6667,20.3333
282,298,169,70,59,23.4899,19.7987
283,299,160,78,61,26.0870,20.4013
284,300,161,78,61,26.0000,20.3333
285,299,158,80,61,26.7559,20.4013
286,301,157,83,61,27.5748,20.2658
287,300,151,88,61,29.3333,20.3333
288,299,145,93,61,31.1037,20.4013
289,301,141,96,64,31.8937,21.2625
290,301,137,98,66,32.5581,21.9269
291,300,131,102,67,34.0000,22.3333
292,299,127,102,70,34.1137,23.4114
293,302,124,108,70,35.7616,23.1788
294,302,119,112,71,37.0861,23.5099
295,301,114,111,76,36.8771,25.2492
296,300,111,114,75,38.0000,25.0000
297,300,110,115,75,38.3333,25.0000
298,299,110,112,77,37.4582,25.7525
299,299,110,107,82,35.7860,27.4247
300,298,109,105,84,35.2349,28.1879
301,300,109,108,83,36.0000,27.6667
302,297,103,110,84,37.0370,28.2828
303,293,100,102,91,34.8123,31.0580
304,291,94,101,96,34.7079,32.9897
305,291,92,103,96,35.3952,32.9897
306,292,87,108,97,36.9863,33.2192
307,290,85,103,102,35.5172,35.1724
308,290,87,96,107,33.1034,36.8966
309,291,89,89,113,30.5842,38.8316
310,293,90,87,116,29.6928,39.5904
311,297,93,86,118,28.9562,39.7306
312,298,93,85,120,28.5235,40.2685
313,298,89,86,123,28.8591,41.2752
314,298,94,80,124,26.8456,41.6107
315,301,96,79,126,26.2458,41.8605
316,299,89,81,129,27.0903,43.1438
317,303,91,79,133,26.0726,43.8944
318,303,90,78,135,25.7426,44.5545
319,302,90,77,135,25.4967,44.7020
320,301,89,76,136,25.2492,45.1827
321,301,87,75,139,24.9169,46.1794
322,299,82,73,144,24.4147,48.1605
323,303,86,72,145,23.7624,47.8548
324,303,85,71,147,23.4323,48.5149
325,301,82,69,150,22.9236,49.8339
326,301,82,64,155,21.2625,51.4950
327,298,83,57,158,19.1275,53.0201
328,301,82,62,157,20.5980,52.1595
329,300,83,62,155,20.6667,51.6667
330,299,84,61,154,20.4013,51.5050
331,302,88,58,156,19.2053,51.6556
332,301,89,55,157,18.2724,52.1595
333,301,89,51,161,16.9435,53.4884
334,301,90,47,164,15.6146,54.4850
335,301,92,46,163,15.2824,54.1528
336,300,93,41,166,13.6667,55.3333
337,299,94,35,170,11.7057,56.8562
338,299,98,32,169,10.7023,56.5217
339,304,104,30,170,9.8684,55.9211
340,304,104,32,168,10.5263,55.2632
341,304,106,32,166,10.5263,54.6053
342,302,108,29,165,9.6026,54.6358
343,299,106,28,165,9.3645,55.1839
344,298,110,27,161,9.0604,54.0268
345,296,109,26,161,8.7838,54.3919
346,299,112,26,161,8.6957,53.8462
347,301,118,27,156,8.9701,51.8272
348,300,118,25,157,8.3333,52.3333
349,298,122,20,156,6.7114,52.3490
350,301,128,20,153,6.6445,50.8306
351,301,134,20,147,6.6445,48.8372
352,301,135,20,146,6.6445,48.5050
353,301,137,19,145,6.3123,48.1728
354,300,135,21,144,7.0000,48.0000
355,300,141,20,139,6.6667,46.3333
356,299,146,19,134,6.3545,44.8161
357,300,148,19,133,6.3333,44.3333
358,300,150,19,131,6.3333,43.6667
359,300,155,20,125,6.6667,41.6667
360,300,156,22,122,7.3333,40.6667
361,300,160,23,117,7.6667,39.0000
362,300,160,25,115,8.3333,38.3333
363,299,164,24,111,8.0268,37.1237
364,304,168,27,109,8.8816,35.8553
365,304,172,27,105,8.8816,34.5395
366,303,175,25,103,8.2508,33.9934
367,303,176,26,101,8.5809,33.3333
368,303,178,27,98,8.9109,32.3432
369,303,182,28,93,9.2409,30.6931
370,303,179,32,92,10.5611,30.3630
371,302,180,32,90,10.5960,29.8013
372,302,180,33,89,10.9272,29.4702
373,302,178,38,86,12.5828,28.4768
374,302,177,44,81,14.5695,26.8212
375,302,177,44,81,14.5695,26.8212
376,302,179,44,79,14.5695,26.1589
377,302,181,46,75,15.2318,24.8344
378,302,184,49,69,16.2252,22.8477
379,302,187,50,65,16.5563,21.5232
380,302,186,48,68,15.8940,22.5166
381,300,184,48,68,16.0000,22.6667
382,300,181,50,69,16.6667,23.0000
383,299,179,51,69,17.0569,23.0769
384,301,178,55,68,18.2724,22.5914
385,300,175,57,68,19.0000,22.6667
386,300,172,65,63,21.6667,21.0000
387,300,163,74,63,24.6667,21.0000
388,300,168,73,59,24.3333,19.6667
389,299,169,75,55,25.0836,18.3946
390,298,163,80,55,26.8456,18.4564
391,301,165,80,56,26.5781,18.6047
392,301,157,86,58,28.5714,19.2691
393,301,150,92,59,30.5648,19.6013
394,301,149,92,60,30.5648,19.9336
395,300,145,90,65,30.0000,21.6667
396,300,137,98,65,32.6667,21.6667
397,300,136,98,66,32.6667,22.0000
398,300,129,104,67,34.6667,22.3333
399,300,122,110,68,36.6667,22.6667
400,300,118,114,68,38.0000,22.6667
401,299,117,115,67,38.4615,22.4080
402,300,115,116,69,38.6667,23.0000
403,299,108,120,71,40.1338,23.7458
404,300,104,123,73,41.0000,24.3333
405,297,99,124,74,41.7508,24.9158
406,294,92,124,78,42.1769,26.5306
407,293,88,123,82,41.9795,27.9863
408,294,83,124,87,42.1769,29.5918
409,295,82,124,89,42.0339,30.1695
410,298,84,123,91,41.2752,30.5369
411,298,82,121,95,40.6040,31.8792
412,301,84,121,96,40.1993,31.8937
413,296,80,113,103,38.1757,34.7973
414,299,80,114,105,38.1271,35.1171
415,298,81,111,106,37.2483,35.5705
416,301,82,110,109,36.5449,36.2126
417,301,81,106,114,35.2159,37.8738
418,300,78,104,118,34.6667,39.3333
419,300,75,104,121,34.6667,40.3333
420,296,73,98,125,33.1081,42.2297
421,295,71,96,128,32.5424,43.3898
422,294,68,94,132,31.9728,44.8980
423,293,66,93,134,31.7406,45.7338
424,290,68,84,138,28.9655,47.5862
425,290,65,82,143,28.2759,49.3103
426,294,67,76,151,25.8503,51.3605
427,295,71,73,151,24.7458,51.1864
428,296,72,64,160,21.6216,54.0541
429,296,70,62,164,20.9459,55.4054
430,298,69,65,164,21.8121,55.0336
431,300,68,65,167,21.6667,55.6667
432,298,71,61,166,20.4698,55.7047
433,301,71,60,170,19.9336,56.4784
434,301,68,59,174,19.6013,57.8073
435,301,67,59,175,19.6013,58.1395
436,301,66,60,175,19.9336,58.1395
437,300,67,59,174,19.6667,58.0000
438,299,66,56,177,18.7291,59.1973
439,296,68,51,177,17.2297,59.7973
440,296,71,49,176,16.5541,59.4595
441,299,74,49,176,16.3880,58.8629
442,301,77,46,178,15.2824,59.1362
443,301,80,44,177,14.6179,58.8040
444,300,81,42,177,14.0000,59.0000
445,299,84,40,175,13.3779,58.5284
446,299,88,36,175,12.0401,58.5284
447,301,94,37,170,12.2924,56.4784
448,301,93,37,171,12.2924,56.8106
449,298,96,33,169,11.0738,56.7114
450,301,100,32,169,10.6312,56.1462
451,300,99,30,171,10.0000,57.0000
452,298,100,29,169,9.7315,56.7114
453,299,102,28,169,9.3645,56.5217
454,304,110,24,170,7.8947,55.9211
455,302,111,22,169,7.2848,55.9603
456,302,113,22,167,7.2848,55.2980
457,302,115,19,168,6.2914,55.6291
458,302,119,16,167,5.2980,55.2980
459,302,124,17,161,5.6291,53.3113
460,301,128,17,156,5.6478,51.8272
461,300,130,15,155,5.0000,51.6667
462,299,130,16,153,5.3512,51.1706
463,302,136,17,149,5.6291,49.3377
464,302,137,19,146,6.2914,48.3444
465,301,144,19,138,6.3123,45.8472
466,301,145,21,135,6.9767,44.8505
467,301,145,23,133,7.6412,44.1860
468,298,149,21,128,7.0470,42.9530
469,302,158,22,122,7.2848,40.3974
470,302,163,22,117,7.2848,38.7417
471,302,164,25,113,8.2781,37.4172
472,301,169,22,110,7.3090,36.5449
473,301,170,23,108,7.6412,35.8804
474,299,170,25,104,8.3612,34.7826
475,302,174,26,102,8.6093,33.7748
476,302,174,29,99,9.6026,32.7815
477,302,177,31,94,10.2649,31.1258
478,302,178,38,86,12.5828,28.4768
479,302,176,42,84,13.9073,27.8146
480,302,185,42,75,13.9073,24.8344
481,302,183,47,72,15.5629,23.8411
482,301,179,50,72,16.6113,23.9203
483,300,179,52,69,17.3333,23.0000
484,300,177,57,66,19.0000,22.0000
485,298,180,56,62,18.7919,20.8054
486,298,182,58,58,19.4631,19.4631
487,299,183,59,57,19.7324,19.0635
488,300,184,59,57,19.6667,19.0000
489,300,186,59,55,19.6667,18.3333
490,299,181,64,54,21.4047,18.0602
491,301,179,68,54,22.5914,17.9402
492,301,177,70,54,23.2558,17.9402
493,301,172,76,53,25.2492,17.6080
494,301,174,74,53,24.5847,17.6080
495,300,172,74,54,24.6667,18.0000
496,299,169,77,53,25.7525,17.7258
497,297,166,77,54,25.9259,18.1818
498,298,169,74,55,24.8322,18.4564
499,298,164,78,56,26.1745,18.7919
500,298,160,82,56,27.5168,18.7919
501,296,152,86,58,29.0541,19.5946
502,301,157,85,59,28.2392,19.6013
503,300,154,87,59,29.0000,19.6667
504,300,143,96,61,32.0000,20.3333
505,297,133,104,60,35.0168,20.2020
506,298,137,103,58,34.5638,19.4631
507,299,130,111,58,37.1237,19.3980
508,301,128,112,61,37.2093,20.2658
509,301,122,120,59,39.8671,19.6013
510,299,120,120,59,40.1338,19.7324
511,300,115,123,62,41.0000,20.6667
512,300,113,120,67,40.0000,22.3333
513,299,107,121,71,40.4682,23.7458
514,299,104,122,73,40.8027,24.4147
515,296,99,123,74,41.5541,25.0000
516,297,98,124,75,41.7508,25.2525
517,299,97,121,81,40.4682,27.0903
518,299,92,122,85,40.8027,28.4281
519,298,89,121,88,40.6040,29.5302
520,297,83,122,92,41.0774,30.9764
521,298,74,125,99,41.9463,33.2215
522,298,73,124,101,41.6107,33.8926
523,298,67,126,105,42.2819,35.2349
524,296,69,116,111,39.1892,37.5000
525,298,69,110,119,36.9128,39.9329
526,300,71,105,124,35.0000,41.3333
527,297,66,105,126,35.3535,42.4242
528,299,70,97,132,32.4415,44.1472
529,301,73,93,135,30.8970,44.8505
530,297,70,86,141,28.9562,47.4747
531,299,70,84,145,28.0936,48.4950
532,299,69,82,148,27.4247,49.4983
533,301,68,82,151,27.2425,50.1661
534,299,68,76,155,25.4181,51.8395
535,301,67,76,158,25.2492,52.4917
536,299,65,74,160,24.7492,53.5117
537,299,62,73,164,24.4147,54.8495
538,299,63,73,163,24.4147,54.5151
539,299,64,71,164,23.7458,54.8495
540,299,65,66,168,22.0736,56.1873
541,302,69,58,175,19.2053,57.9470
542,302,69,53,180,17.5497,59.6026
543,302,69,50,183,16.5563,60.5960
544,302,69,48,185,15.8940,61.2583
545,301,67,47,187,15.6146,62.1262
546,300,70,44,186,14.6667,62.0000
547,299,72,39,188,13.0435,62.8763
548,302,75,40,187,13.2450,61.9205
549,301,76,40,185,13.2890,61.4618
550,301,78,41,182,13.6213,60.4651
551,300,77,41,182,13.6667,60.6667
552,300,74,42,184,14.0000,61.3333
553,298,76,38,184,12.7517,61.7450
554,302,82,38,182,12.5828,60.2649
555,302,84,37,181,12.2517,59.9338
556,301,86,34,181,11.2957,60.1329
557,301,86,31,184,10.2990,61.1296
558,301,86,30,185,9.9668,61.4618
559,301,86,30,185,9.9668,61.4618
560,301,89,29,183,9.6346,60.7973
561,300,90,28,182,9.3333,60.6667
562,300,93,26,181,8.6667,60.3333
563,299,96,23,180,7.6923,60.2007
564,300,99,25,176,8.3333,58.6667
565,299,104,24,171,8.0268,57.1906
566,303,110,23,170,7.5908,56.1056
567,303,109,24,170,7.9208,56.1056
568,302,110,23,169,7.6159,55.9603
569,302,114,25,163,8.2781,53.9735
570,301,115,26,160,8.6379,53.1561
571,301,117,25,159,8.3056,52.8239
572,299,121,21,157,7.0234,52.5084
573,298,127,19,152,6.3758,51.0067
574,301,133,18,150,5.9801,49.8339
575,301,136,18,147,5.9801,48.8372
576,301,143,19,139,6.3123,46.1794
577,300,152,18,130,6.0000,43.3333
578,299,156,18,125,6.0201,41.8060
579,301,160,16,125,5.3156,41.5282
580,301,165,18,118,5.9801,39.2027
581,301,167,19,115,6.3123,38.2060
582,301,172,20,109,6.6445,36.2126
583,301,173,23,105,7.6412,34.8837
584,301,174,24,103,7.9734,34.2193
585,301,174,27,100,8.9701,33.2226
586,301,176,29,96,9.6346,31.8937
587,301,175,32,94,10.6312,31.2292
588,301,174,34,93,11.2957,30.8970
589,301,178,34,89,11.2957,29.5681
590,300,177,32,91,10.6667,30.3333
591,299,178,32,89,10.7023,29.7659
592,302,184,34,84,11.2583,27.8146
593,302,189,35,78,11.5894,25.8278
594,302,194,37,71,12.2517,23.5099
595,301,188,46,67,15.2824,22.2591
596,301,184,53,64,17.6080,21.2625
597,301,181,57,63,18.9369,20.9302
598,301,181,59,61,19.6013,20.2658
599,301,179,65,57,21.5947,18.9369
600,300,175,68,57,22.6667,19.0000
601,298,170,71,57,23.8255,19.1275
602,299,171,72,56,24.0803,18.7291
603,299,172,70,57,23.4114,19.0635
604,301,172,72,57,23.9203,18.9369
605,301,171,73,57,24.2525,18.9369
606,300,169,74,57,24.6667,19.0000
607,300,168,73,59,24.3333,19.6667
608,299,166,75,58,25.0836,19.3980
609,300,167,77,56,25.6667,18.6667
610,299,164,81,54,27.0903,18.0602
611,299,160,86,53,28.7625,17.7258
612,299,157,89,53,29.7659,17.7258
613,300,151,94,55,31.3333,18.3333
614,299,146,98,55,32.7759,18.3946
615,299,141,99,59,33.1104,19.7324
616,299,138,97,64,32.4415,21.4047
617,297,131,97,69,32.6599,23.2323
618,302,131,101,70,33.4437,23.1788
619,301,125,105,71,34.8837,23.5880
620,297,119,103,75,34.6801,25.2525
621,298,119,103,76,34.5638,25.5034
622,301,122,101,78,33.5548,25.9136
623,301,114,110,77,36.5449,25.5814
624,301,113,107,81,35.5482,26.9103
625,301,110,109,82,36.2126,27.2425
626,301,106,111,84,36.8771,27.9070
627,301,106,109,86,36.2126,28.5714
628,297,105,106,86,35.6902,28.9562
629,297,101,109,87,36.7003,29.2929
630,297,100,104,93,35.0168,31.3131
631,301,102,102,97,33.8870,32.2259
632,300,100,98,102,32.6667,34.0000
633,299,96,99,104,33.1104,34.7826
634,297,97,92,108,30.9764,36.3636
635,301,98,92,111,30.5648,36.8771
636,300,98,86,116,28.6667,38.6667
637,297,97,79,121,26.5993,40.7407
638,300,99,76,125,25.3333,41.6667
639,298,97,70,131,23.4899,43.9597
640,299,99,67,133,22.4080,44.4816
641,301,101,61,139,20.2658,46.1794
642,301,100,64,137,21.2625,45.5150
643,298,95,61,142,20.4698,47.6510
644,299,95,58,146,19.3980,48.8294
645,300,97,53,150,17.6667,50.0000
646,299,93,55,151,18.3946,50.5017
647,300,96,51,153,17.0000,51.0000
648,300,94,52,154,17.3333,51.3333
649,298,92,52,154,17.4497,51.6779
650,301,94,51,156,16.9435,51.8272
651,301,93,49,159,16.2791,52.8239
652,301,91,49,161,16.2791,53.4884
653,301,90,47,164,15.6146,54.4850
654,299,87,45,167,15.0502,55.8528
655,300,89,46,165,15.3333,55.0000
656,300,92,43,165,14.3333,55.0000
657,300,91,47,162,15.6667,54.0000
658,299,89,47,163,15.7191,54.5151
659,302,95,47,160,15.5629,52.9801
660,301,94,46,161,15.2824,53.4884
661,300,95,46,159,15.3333,53.0000
662,299,96,43,160,14.3813,53.5117
663,299,96,42,161,14.0468,53.8462
664,301,99,39,163,12.9568,54.1528
665,301,100,40,161,13.2890,53.4884
666,301,100,41,160,13.6213,53.1561
667,300,106,37,157,12.3333,52.3333
668,300,109,38,153,12.6667,51.0000
669,299,112,39,148,13.0435,49.4983
670,300,115,35,150,11.6667,50.0000
671,300,116,36,148,12.0000,49.3333
672,297,118,36,143,12.1212,48.1481
673,299,120,35,144,11.7057,48.1605
674,299,120,36,143,12.0401,47.8261
675,302,123,36,143,11.9205,47.3510
676,302,127,36,139,11.9205,46.0265
677,301,130,33,138,10.9635,45.8472
678,300,131,34,135,11.3333,45.0000
679,299,133,32,134,10.7023,44.8161
680,302,136,31,135,10.2649,44.7020
681,301,137,29,135,9.6346,44.8505
682,301,142,29,130,9.6346,43.1894
683,301,144,32,125,10.6312,41.5282
684,299,149,31,119,10.3679,39.7993
685,301,154,29,118,9.6346,39.2027
686,301,156,31,114,10.2990,37.8738
687,300,157,31,112,10.3333,37.3333
688,300,163,29,108,9.6667,36.0000
689,300,167,30,103,10.0000,34.3333
690,300,170,30,100,10.0000,33.3333
691,300,174,32,94,10.6667,31.3333
692,299,173,32,94,10.7023,31.4381
693,300,180,32,88,10.6667,29.3333
694,297,178,32,87,10.7744,29.2929
695,297,182,32,83,10.7744,27.9461
696,297,179,39,79,13.1313,26.5993
697,300,180,45,75,15.0000,25.0000
698,300,178,47,75,15.6667,25.0000
699,300,181,46,73,15.3333,24.3333
700,300,179,48,73,16.0000,24.3333
701,300,174,54,72,18.0000,24.0000
702,300,172,57,71,19.0000,23.6667
703,299,170,61,68,20.4013,22.7425
704,300,171,62,67,20.6667,22.3333
705,300,169,67,64,22.3333,21.3333
706,300,167,71,62,23.6667,20.6667
707,300,161,75,64,25.0000,21.3333
708,299,156,82,61,27.4247,20.4013
709,301,155,83,63,27.5748,20.9302
710,300,157,81,62,27.0000,20.6667
711,300,153,85,62,28.3333,20.6667
712,300,148,87,65,29.0000,21.6667
713,300,141,93,66,31.0000,22.0000
714,300,140,95,65,31.6667,21.6667
715,300,132,102,66,34.0000,22.0000
716,298,127,105,66,35.2349,22.1477
717,297,121,106,70,35.6902,23.5690
718,299,119,107,73,35.7860,24.4147
719,298,117,110,71,36.9128,23.8255
720,299,113,116,70,38.7960,23.4114
721,300,108,119,73,39.6667,24.3333
722,298,103,123,72,41.2752,24.1611
723,298,102,122,74,40.9396,24.8322
724,304,104,121,79,39.8026,25.9868
725,304,99,124,81,40.7895,26.6447
726,304,97,123,84,40.4605,27.6316
727,302,91,124,87,41.0596,28.8079
728,301,90,118,93,39.2027,30.8970
729,299,90,116,93,38.7960,31.1037
730,299,86,118,95,39.4649,31.7726
731,300,85,121,94,40.3333,31.3333
732,297,80,118,99,39.7306,33.3333
733,301,84,114,103,37.8738,34.2193
734,300,82,110,108,36.6667,36.0000
735,298,80,109,109,36.5772,36.5772
736,294,79,102,113,34.6939,38.4354
737,295,78,97,120,32.8814,40.6780
738,294,77,92,125,31.2925,42.5170
739,298,79,93,126,31.2081,42.2819
740,295,81,85,129,28.8136,43.7288
741,294,78,84,132,28.5714,44.8980
742,295,78,82,135,27.7966,45.7627
743,294,73,79,142,26.8707,48.2993
744,296,76,78,142,26.3514,47.9730
745,298,74,74,150,24.8322,50.3356
746,298,69,76,153,25.5034,51.3423
747,303,73,78,152,25.7426,50.1650
748,302,72,70,160,23.1788,52.9801
749,301,69,73,159,24.2525,52.8239
750,299,68,70,161,23.4114,53.8462
751,301,70,69,162,22.9236,53.8206
752,299,67,69,163,23.0769,54.5151
753,301,68,66,167,21.9269,55.4817
754,300,67,65,168,21.6667,56.0000
755,299,66,64,169,21.4047,56.5217
756,298,63,65,170,21.8121,57.0470
757,297,62,63,172,21.2121,57.9125
758,301,67,61,173,20.2658,57.4751
759,300,66,62,172,20.6667,57.3333
760,299,66,60,173,20.0669,57.8595
761,301,70,56,175,18.6047,58.1395
762,300,71,52,177,17.3333,59.0000
763,300,71,48,181,16.0000,60.3333
764,299,74,48,177,16.0535,59.1973
765,300,76,44,180,14.6667,60.0000
766,299,77,39,183,13.0435,61.2040
767,301,81,35,185,11.6279,61.4618
768,301,84,35,182,11.6279,60.4651
769,300,86,34,180,11.3333,60.0000
770,300,89,32,179,10.6667,59.6667
771,300,88,32,180,10.6667,60.0000
772,300,88,32,180,10.6667,60.0000
773,300,91,28,181,9.3333,60.3333
774,300,94,25,181,8.3333,60.3333
775,300,96,25,179,8.3333,59.6667
776,300,100,23,177,7.6667,59.0000
777,299,102,21,176,7.0234,58.8629
778,303,111,20,172,6.6007,56.7657
779,302,114,20,168,6.6225,55.6291
780,302,120,19,163,6.2914,53.9735
781,302,122,19,161,6.2914,53.3113
782,301,122,20,159,6.6445,52.8239
783,301,123,19,159,6.3123,52.8239
784,301,127,20,154,6.6445,51.1628
785,301,130,21,150,6.9767,49.8339
786,300,134,22,144,7.3333,48.0000
787,300,134,24,142,8.0000,47.3333
788,300,137,23,140,7.6667,46.6667
789,300,144,24,132,8.0000,44.0000
790,299,147,23,129,7.6923,43.1438
791,301,149,24,128,7.9734,42.5249
792,301,155,23,123,7.6412,40.8638
793,301,157,24,120,7.9734,39.8671
794,301,161,24,116,7.9734,38.5382
795,301,166,27,108,8.9701,35.8804
796,301,168,27,106,8.9701,35.2159
797,301,173,29,99,9.6346,32.8904
798,301,174,30,97,9.9668,32.2259
799,301,171,34,96,11.2957,31.8937
800,301,178,33,90,10.9635,29.9003
801,301,176,34,91,11.2957,30.2326
802,301,178,35,88,11.6279,29.2359
803,301,178,35,88,11.6279,29.2359
804,301,178,36,87,11.9601,28.9037
805,300,181,34,85,11.3333,28.3333
806,299,180,35,84,11.7057,28.0936
807,300,179,39,82,13.0000,27.3333
808,300,176,42,82,14.0000,27.3333
809,300,175,45,80,15.0000,26.6667
810,299,176,44,79,14.7157,26.4214
811,300,176,45,79,15.0000,26.3333
812,300,172,50,78,16.6667,26.0000
813,300,172,54,74,18.0000,24.6667
814,299,171,56,72,18.7291,24.0803
815,303,177,58,68,19.1419,22.4422
816,303,175,60,68,19.8020,22.4422
817,302,174,63,65,20.8609,21.5232
818,299,173,64,62,21.4047,20.7358
819,299,168,72,59,24.0803,19.7324
820,302,169,74,59,24.5033,19.5364
821,302,162,81,59,26.8212,19.5364
822,301,161,84,56,27.9070,18.6047
823,300,156,88,56,29.3333,18.6667
824,300,153,92,55,30.6667,18.3333
825,300,146,100,54,33.3333,18.0000
826,300,141,105,54,35.0000,18.0000
827,300,135,109,56,36.3333,18.6667
828,300,130,112,58,37.3333,19.3333
829,298,125,116,57,38.9262,19.1275
830,297,120,119,58,40.0673,19.5286
831,300,118,123,59,41.0000,19.6667
832,298,115,124,59,41.6107,19.7987
833,297,115,121,61,40.7407,20.5387
834,299,109,124,66,41.4716,22.0736
835,301,107,127,67,42.1927,22.2591
836,299,105,124,70,41.4716,23.4114
837,301,100,130,71,43.1894,23.5880
838,300,99,126,75,42.0000,25.0000
839,298,97,119,82,39.9329,27.5168
840,297,93,118,86,39.7306,28.9562
841,296,91,114,91,38.5135,30.7432
842,298,91,114,93,38.2550,31.2081
843,297,85,116,96,39.0572,32.3232
844,299,82,120,97,40.1338,32.4415
845,297,80,114,103,38.3838,34.6801
846,297,79,106,112,35.6902,37.7104
847,298,72,111,115,37.2483,38.5906
848,296,68,108,120,36.4865,40.5405
849,299,70,105,124,35.1171,41.4716
850,302,72,101,129,33.4437,42.7152
851,301,68,99,134,32.8904,44.5183
852,298,67,95,136,31.8792,45.6376
853,297,64,97,136,32.6599,45.7912
854,297,65,94,138,31.6498,46.4646
855,297,66,89,142,29.9663,47.8114
856,299,64,92,143,30.7692,47.8261
857,299,66,88,145,29.4314,48.4950
858,299,68,81,150,27.0903,50.1672
859,301,66,83,152,27.5748,50.4983
860,300,65,81,154,27.0000,51.3333
861,298,63,81,154,27.1812,51.6779
862,298,64,79,155,26.5101,52.0134
863,299,68,73,158,24.4147,52.8428
864,298,69,65,164,21.8121,55.0336
865,299,71,60,168,20.0669,56.1873
866,297,72,55,170,18.5185,57.2391
867,296,71,54,171,18.2432,57.7703
868,295,72,46,177,15.5932,60.0000
869,298,74,46,178,15.4362,59.7315
870,298,76,41,181,13.7584,60.7383
871,301,80,38,183,12.6246,60.7973
872,301,78,38,185,12.6246,61.4618
873,298,78,35,185,11.7450,62.0805
874,302,79,37,186,12.2517,61.5894
875,301,81,35,185,11.6279,61.4618
876,300,81,31,188,10.3333,62.6667
877,299,84,29,186,9.6990,62.2074
878,303,90,29,184,9.5710,60.7261
879,302,91,27,184,8.9404,60.9272
880,301,96,24,181,7.9734,60.1329
881,299,95,24,180,8.0268,60.2007
882,302,100,23,179,7.6159,59.2715
883,302,101,21,180,6.9536,59.6026
884,302,104,21,177,6.9536,58.6093
885,302,104,23,175,7.6159,57.9470
886,302,108,24,170,7.9470,56.2914
887,301,110,22,169,7.3090,56.1462
888,301,114,20,167,6.6445,55.4817
889,301,114,22,165,7.3090,54.8173
890,300,118,19,163,6.3333,54.3333
891,300,124,19,157,6.3333,52.3333
892,299,130,18,151,6.0201,50.5017
893,301,138,15,148,4.9834,49.1694
894,300,142,13,145,4.3333,48.3333
895,300,146,11,143,3.6667,47.6667
896,300,146,13,141,4.3333,47.0000
897,300,150,16,134,5.3333,44.6667
898,300,159,16,125,5.3333,41.6667
899,300,162,14,124,4.6667,41.3333
900,300,168,14,118,4.6667,39.3333
901,300,173,13,114,4.3333,38.0000
902,300,178,12,110,4.0000,36.6667
903,300,183,12,105,4.0000,35.0000
904,300,183,16,101,5.3333,33.6667
905,300,183,16,101,5.3333,33.6667
906,300,185,14,101,4.6667,33.6667
907,300,190,15,95,5.0000,31.6667
908,300,191,16,93,5.3333,31.0000
909,300,194,16,90,5.3333,30.0000
910,300,199,16,85,5.3333,28.3333
911,300,200,17,83,5.6667,27.6667
912,299,202,18,79,6.0201,26.4214
913,301,201,21,79,6.9767,26.2458
914,301,203,21,77,6.9767,25.5814
915,301,205,24,72,7.9734,23.9203
916,301,209,25,67,8.3056,22.2591
917,301,213,22,66,7.3090,21.9269
918,300,213,24,63,8.0000,21.0000
919,300,211,28,61,9.3333,20.3333
920,300,215,31,54,10.3333,18.0000
921,300,210,38,52,12.6667,17.3333
922,299,208,43,48,14.3813,16.0535
923,300,210,45,45,15.0000,15.0000
924,298,207,48,43,16.1074,14.4295
925,298,204,52,42,17.4497,14.0940
926,300,205,54,41,18.0000,13.6667
927,300,199,61,40,20.3333,13.3333
928,300,193,67,40,22.3333,13.3333
929,300,190,71,39,23.6667,13.0000
930,299,185,75,39,25.0836,13.0435
931,302,185,81,36,26.8212,11.9205
932,302,185,80,37,26.4901,12.2517
933,300,178,86,36,28.6667,12.0000
934,300,171,93,36,31.0000,12.0000
935,300,160,105,35,35.0000,11.6667
936,297,151,110,36,37.0370,12.1212
937,302,149,117,36,38.7417,11.9205
938,302,145,119,38,39.4040,12.5828
939,300,139,123,38,41.0000,12.6667
940,300,133,128,39,42.6667,13.0000
941,300,123,133,44,44.3333,14.6667
942,298,117,134,47,44.9664,15.7718
943,298,111,136,51,45.6376,17.1141
944,300,103,144,53,48.0000,17.6667
945,300,104,140,56,46.6667,18.6667
946,298,97,142,59,47.6510,19.7987
947,299,99,139,61,46.4883,20.4013
948,296,95,136,65,45.9459,21.9595
949,300,95,136,69,45.3333,23.0000
950,299,87,138,74,46.1538,24.7492
951,300,84,139,77,46.3333,25.6667
952,300,78,142,80,47.3333,26.6667
953,299,73,143,83,47.8261,27.7592
954,302,71,144,87,47.6821,28.8079
955,296,70,132,94,44.5946,31.7568
956,298,70,122,106,40.9396,35.5705
957,298,64,124,110,41.6107,36.9128
958,300,63,125,112,41.6667,37.3333
959,300,59,123,118,41.0000,39.3333
960,298,55,119,124,39.9329,41.6107
961,298,55,114,129,38.2550,43.2886
962,301,55,111,135,36.8771,44.8505
963,300,53,105,142,35.0000,47.3333
964,299,53,97,149,32.4415,49.8328
965,298,52,94,152,31.5436,51.0067
966,298,52,93,153,31.2081,51.3423
967,299,53,87,159,29.0970,53.1773
968,300,53,86,161,28.6667,53.6667
969,300,54,86,160,28.6667,53.3333
970,298,53,79,166,26.5101,55.7047
971,297,54,72,171,24.2424,57.5758
972,298,55,70,173,23.4899,58.0537
973,302,57,63,182,20.8609,60.2649
974,299,52,64,183,21.4047,61.2040
975,299,53,59,187,19.7324,62.5418
976,303,56,61,186,20.1320,61.3861
977,302,54,54,194,17.8808,64.2384
978,302,50,55,197,18.2119,65.2318
979,299,50,48,201,16.0535,67.2241
980,299,51,47,201,15.7191,67.2241
981,298,51,42,205,14.0940,68.7919
982,301,54,39,208,12.9568,69.1030
983,299,54,34,211,11.3712,70.5686
984,303,59,35,209,11.5512,68.9769
985,303,57,36,210,11.8812,69.3069
986,303,58,34,211,11.2211,69.6370
987,303,59,32,212,10.5611,69.9670
988,303,60,31,212,10.2310,69.9670
989,303,59,30,214,9.9010,70.6271
990,302,61,28,213,9.2715,70.5298
991,302,60,28,214,9.2715,70.8609
992,302,61,29,212,9.6026,70.1987
993,302,66,28,208,9.2715,68.8742
994,301,67,29,205,9.6346,68.1063
995,300,72,25,203,8.3333,67.6667
996,300,70,26,204,8.6667,68.0000
997,300,74,26,200,8.6667,66.6667
998,299,78,22,199,7.3579,66.5552
999,298,83,20,195,6.7114,65.4362
1000,303,92,19,192,6.2706,63.3663
1001,303,96,19,188,6.2706,62.0462
1002,303,101,19,183,6.2706,60.3960
1003,302,105,19,178,6.2914,58.9404
1004,301,108,17,176,5.6478,58.4718
1005,301,111,17,173,5.6478,57.4751
1006,301,116,17,168,5.6478,55.8140
1007,301,122,18,161,5.9801,53.4884
1008,301,133,19,149,6.3123,49.5017
1009,301,138,18,145,5.9801,48.1728
1010,301,142,18,141,5.9801,46.8439
1011,301,147,18,136,5.9801,45.1827
1012,300,152,17,131,5.6667,43.6667
1013,300,158,16,126,5.3333,42.0000
1014,300,165,15,120,5.0000,40.0000
1015,300,172,12,116,4.0000,38.6667
1016,300,179,11,110,3.6667,36.6667
1017,299,182,8,109,2.6756,36.4548
1018,304,188,7,109,2.3026,35.8553
1019,304,193,8,103,2.6316,33.8816
1020,304,196,8,100,2.6316,32.8947
1021,304,197,9,98,2.9605,32.2368
1022,304,201,11,92,3.6184,30.2632
1023,303,203,13,87,4.2904,28.7129
1024,303,202,16,85,5.2805,28.0528
1025,303,208,18,77,5.9406,25.4125
1026,303,207,20,76,6.6007,25.0825
1027,301,211,18,72,5.9801,23.9203
1028,301,211,18,72,5.9801,23.9203
1029,301,219,18,64,5.9801,21.2625
1030,301,218,22,61,7.3090,20.2658
1031,301,219,25,57,8.3056,18.9369
1032,301,219,25,57,8.3056,18.9369
1033,301,219,29,53,9.6346,17.6080
1034,301,223,29,49,9.6346,16.2791
1035,301,223,32,46,10.6312,15.2824
1036,301,222,34,45,11.2957,14.9502
1037,301,217,40,44,13.2890,14.6179
1038,301,217,42,42,13.9535,13.9535
1039,301,217,44,40,14.6179,13.2890
1040,301,213,48,40,15.9468,13.2890
1041,301,208,55,38,18.2724,12.6246
1042,301,207,55,39,18.2724,12.9568
1043,300,207,55,38,18.3333,12.6667
1044,299,202,56,41,18.7291,13.7124
1045,301,203,58,40,19.2691,13.2890
1046,301,198,63,40,20.9302,13.2890
1047,299,193,69,37,23.0769,12.3746
1048,302,195,73,34,24.1722,11.2583
1049,302,194,74,34,24.5033,11.2583
1050,301,190,79,32,26.2458,10.6312
1051,301,183,83,35,27.5748,11.6279
1052,301,178,85,38,28.2392,12.6246
1053,300,168,93,39,31.0000,13.0000
1054,299,161,98,40,32.7759,13.3779
1055,301,155,106,40,35.2159,13.2890
1056,300,145,113,42,37.6667,14.0000
1057,299,138,116,45,38.7960,15.0502
1058,300,136,118,46,39.3333,15.3333
1059,299,126,127,46,42.4749,15.3846
1060,299,120,131,48,43.8127,16.0535
1061,301,119,132,50,43.8538,16.6113
1062,300,109,135,56,45.0000,18.6667
1063,300,99,144,57,48.0000,19.0000
1064,300,94,145,61,48.3333,20.3333
1065,299,87,150,62,50.1672,20.7358
1066,299,84,150,65,50.1672,21.7391
1067,300,84,148,68,49.3333,22.6667
1068,298,81,145,72,48.6577,24.1611
1069,301,81,148,72,49.1694,23.9203
1070,300,79,144,77,48.0000,25.6667
1071,298,72,148,78,49.6644,26.1745
1072,296,69,143,84,48.3108,28.3784
1073,294,65,136,93,46.2585,31.6327
1074,296,62,136,98,45.9459,33.1081
1075,295,63,127,105,43.0508,35.5932
1076,292,59,124,109,42.4658,37.3288
1077,291,59,115,117,39.5189,40.2062
1078,292,57,114,121,39.0411,41.4384
1079,293,58,110,125,37.5427,42.6621
1080,294,58,105,131,35.7143,44.5578
1081,292,59,100,133,34.2466,45.5479
1082,291,61,94,136,32.3024,46.7354
1083,289,62,84,143,29.0657,49.4810
1084,290,64,77,149,26.5517,51.3793
1085,286,65,68,153,23.7762,53.4965
1086,289,66,66,157,22.8374,54.3253
1087,286,65,63,158,22.0280,55.2448
1088,293,72,59,162,20.1365,55.2901
1089,294,73,56,165,19.0476,56.1224
1090,294,73,53,168,18.0272,57.1429
1091,298,77,49,172,16.4430,57.7181
1092,298,78,44,176,14.7651,59.0604
1093,300,81,40,179,13.3333,59.6667
1094,298,81,36,181,12.0805,60.7383
1095,300,83,35,182,11.6667,60.6667
1096,299,86,35,178,11.7057,59.5318
1097,301,88,30,183,9.9668,60.7973
1098,301,89,26,186,8.6379,61.7940
1099,301,87,26,188,8.6379,62.4585
1100,300,86,24,190,8.0000,63.3333
1101,299,86,24,189,8.0268,63.2107
1102,301,88,21,192,6.9767,63.7874
1103,301,90,22,189,7.3090,62.7907
1104,301,93,21,187,6.9767,62.1262
1105,301,93,22,186,7.3090,61.7940
1106,301,94,21,186,6.9767,61.7940
1107,300,94,19,187,6.3333,62.3333
1108,298,96,18,184,6.0403,61.7450
1109,303,104,19,180,6.2706,59.4059
1110,302,106,17,179,5.6291,59.2715
1111,302,106,17,179,5.6291,59.2715
1112,301,105,20,176,6.6445,58.4718
1113,301,108,19,174,6.3123,57.8073
1114,301,113,20,168,6.6445,55.8140
1115,300,115,17,168,5.6667,56.0000
1116,299,119,16,164,5.3512,54.8495
1117,301,122,17,162,5.6478,53.8206
1118,301,126,16,159,5.3156,52.8239
1119,301,132,16,153,5.3156,50.8306
1120,300,137,14,149,4.6667,49.6667
1121,300,138,13,149,4.3333,49.6667
1122,300,143,14,143,4.6667,47.6667
1123,299,144,13,142,4.3478,47.4916
1124,303,153,13,137,4.2904,45.2145
1125,302,161,12,129,3.9735,42.7152
1126,302,166,12,124,3.9735,41.0596
1127,302,173,12,117,3.9735,38.7417
1128,302,176,12,114,3.9735,37.7483
1129,301,185,11,105,3.6545,34.8837
1130,301,188,12,101,3.9867,33.5548
1131,301,190,14,97,4.6512,32.2259
1132,301,195,15,91,4.9834,30.2326
1133,300,196,14,90,4.6667,30.0000
1134,300,198,14,88,4.6667,29.3333
1135,300,202,17,81,5.6667,27.0000
1136,300,209,18,73,6.0000,24.3333
1137,300,213,16,71,5.3333,23.6667
1138,300,215,18,67,6.0000,22.3333
1139,300,213,21,66,7.0000,22.0000
1140,300,215,23,62,7.6667,20.6667
1141,300,215,26,59,8.6667,19.6667
1142,299,215,27,57,9.0301,19.0635
1143,302,219,30,53,9.9338,17.5497
1144,301,221,32,48,10.6312,15.9468
1145,301,223,33,45,10.9635,14.9502
1146,300,225,34,41,11.3333,13.6667
1147,300,224,37,39,12.3333,13.0000
1148,300,221,39,40,13.0000,13.3333
1149,300,220,44,36,14.6667,12.0000
1150,300,220,49,31,16.3333,10.3333
1151,300,218,51,31,17.0000,10.3333
1152,300,215,55,30,18.3333,10.0000
1153,299,204,65,30,21.7391,10.0334
1154,302,206,68,28,22.5166,9.2715
1155,302,199,74,29,24.5033,9.6026
1156,302,197,76,29,25.1656,9.6026
1157,301,191,81,29,26.9103,9.6346
1158,301,187,85,29,28.2392,9.6346
1159,300,180,91,29,30.3333,9.6667
1160,300,174,95,31,31.6667,10.3333
1161,300,170,94,36,31.3333,12.0000
1162,300,164,99,37,33.0000,12.3333
1163,300,162,99,39,33.0000,13.0000
1164,300,154,103,43,34.3333,14.3333
1165,300,151,106,43,35.3333,14.3333
1166,300,148,107,45,35.6667,15.0000
1167,298,145,109,44,36.5772,14.7651
1168,298,138,116,44,38.9262,14.7651
1169,296,130,121,45,40.8784,15.2027
1170,296,125,121,50,40.8784,16.8919
1171,301,124,124,53,41.1960,17.6080
1172,299,119,125,55,41.8060,18.3946
1173,301,119,124,58,41.1960,19.2691
1174,298,116,117,65,39.2617,21.8121
1175,297,108,121,68,40.7407,22.8956
1176,298,106,120,72,40.2685,24.1611
1177,299,105,119,75,39.7993,25.0836
1178,300,100,121,79,40.3333,26.3333
1179,299,98,118,83,39.4649,27.7592
1180,299,94,117,88,39.1304,29.4314
1181,301,96,112,93,37.2093,30.8970
1182,301,88,115,98,38.2060,32.5581
1183,300,84,113,103,37.6667,34.3333
1184,299,83,109,107,36.4548,35.7860
1185,300,84,106,110,35.3333,36.6667
1186,300,83,105,112,35.0000,37.3333
1187,298,78,105,115,35.2349,38.5906
1188,298,75,101,122,33.8926,40.9396
1189,294,72,97,125,32.9932,42.5170
1190,296,65,101,130,34.1216,43.9189
1191,298,64,95,139,31.8792,46.6443
1192,300,64,92,144,30.6667,48.0000
1193,299,63,87,149,29.0970,49.8328
1194,298,64,83,151,27.8523,50.6711
1195,302,68,83,151,27.4834,50.0000
1196,300,67,73,160,24.3333,53.3333
1197,300,66,70,164,23.3333,54.6667
1198,297,65,67,165,22.5589,55.5556
1199,298,67,63,168,21.1409,56.3758
1200,299,69,58,172,19.3980,57.5251
1201,302,72,56,174,18.5430,57.6159
1202,302,69,57,176,18.8742,58.2781
1203,301,70,49,182,16.2791,60.4651
1204,301,71,46,184,15.2824,61.1296
1205,301,68,48,185,15.9468,61.4618
1206,301,69,47,185,15.6146,61.4618
1207,299,69,45,185,15.0502,61.8729
1208,301,71,44,186,14.6179,61.7940
1209,299,70,41,188,13.7124,62.8763
1210,304,77,34,193,11.1842,63.4868
1211,303,77,27,199,8.9109,65.6766
1212,302,79,24,199,7.9470,65.8940
1213,302,83,24,195,7.9470,64.5695
1214,302,83,25,194,8.2781,64.2384
1215,302,84,24,194,7.9470,64.2384
1216,302,87,24,191,7.9470,63.2450
1217,302,88,23,191,7.6159,63.2450
1218,302,89,23,190,7.6159,62.9139
1219,302,90,23,189,7.6159,62.5828
1220,301,90,23,188,7.6412,62.4585
1221,301,91,21,189,6.9767,62.7907
1222,301,97,20,184,6.6445,61.1296
1223,301,100,18,183,5.9801,60.7973
1224,301,103,17,181,5.6478,60.1329
1225,301,107,17,177,5.6478,58.8040
1226,299,113,15,171,5.0167,57.1906
1227,301,118,15,168,4.9834,55.8140
1228,301,123,14,164,4.6512,54.4850
1229,301,126,12,163,3.9867,54.1528
1230,301,130,11,160,3.6545,53.1561
1231,301,134,11,156,3.6545,51.8272
1232,300,139,11,150,3.6667,50.0000
1233,300,144,10,146,3.3333,48.6667
1234,300,149,9,142,3.0000,47.3333
1235,300,153,8,139,2.6667,46.3333
1236,299,154,10,135,3.3445,45.1505
1237,301,160,11,130,3.6545,43.1894
1238,301,163,10,128,3.3223,42.5249
1239,301,165,11,125,3.6545,41.5282
1240,301,170,12,119,3.9867,39.5349
1241,301,173,14,114,4.6512,37.8738
1242,301,178,14,109,4.6512,36.2126
1243,301,185,16,100,5.3156,33.2226
1244,301,189,17,95,5.6478,31.5615
1245,301,194,16,91,5.3156,30.2326
1246,300,197,15,88,5.0000,29.3333
1247,300,197,15,88,5.0000,29.3333
1248,300,204,17,79,5.6667,26.3333
1249,299,208,16,75,5.3512,25.0836
1250,301,210,17,74,5.6478,24.5847
1251,301,211,19,71,6.3123,23.5880
1252,301,216,19,66,6.3123,21.9269
1253,301,215,21,65,6.9767,21.5947
1254,301,217,21,63,6.9767,20.9302
1255,301,225,20,56,6.6445,18.6047
1256,300,224,23,53,7.6667,17.6667
1257,300,223,22,55,7.3333,18.3333
1258,300,223,24,53,8.0000,17.6667
1259,300,223,24,53,8.0000,17.6667
1260,300,224,26,50,8.6667,16.6667
1261,299,223,27,49,9.0301,16.3880
1262,304,232,27,45,8.8816,14.8026
1263,304,238,28,38,9.2105,12.5000
1264,304,237,29,38,9.5395,12.5000
1265,304,237,29,38,9.5395,12.5000
1266,304,237,30,37,9.8684,12.1711
1267,304,235,34,35,11.1842,11.5132
1268,303,232,37,34,12.2112,11.2211
1269,303,232,37,34,12.2112,11.2211
1270,303,227,43,33,14.1914,10.8911
1271,303,224,44,35,14.5215,11.5512
1272,303,223,44,36,14.5215,11.8812
1273,303,222,45,36,14.8515,11.8812
1274,303,221,46,36,15.1815,11.8812
1275,303,215,54,34,17.8218,11.2211
1276,303,214,56,33,18.4818,10.8911
1277,301,211,54,36,17.9402,11.9601
1278,301,208,57,36,18.9369,11.9601
1279,301,204,60,37,19.9336,12.2924
1280,299,202,60,37,20.0669,12.3746
1281,299,201,63,35,21.0702,11.7057
1282,300,200,65,35,21.6667,11.6667
1283,299,195,68,36,22.7425,12.0401
1284,300,189,74,37,24.6667,12.3333
1285,299,188,73,38,24.4147,12.7090
1286,301,188,76,37,25.2492,12.2924
1287,301,184,81,36,26.9103,11.9601
1288,299,178,82,39,27.4247,13.0435
1289,301,174,86,41,28.5714,13.6213
1290,298,165,92,41,30.8725,13.7584
1291,295,158,95,42,32.2034,14.2373
1292,296,150,103,43,34.7973,14.5270
1293,299,144,110,45,36.7893,15.0502
1294,300,143,110,47,36.6667,15.6667
1295,298,138,108,52,36.2416,17.4497
1296,298,130,113,55,37.9195,18.4564
1297,300,125,119,56,39.6667,18.6667
1298,299,114,126,59,42.1405,19.7324
1299,299,113,124,62,41.4716,20.7358
1300,301,112,125,64,41.5282,21.2625
1301,300,106,128,66,42.6667,22.0000
1302,299,102,124,73,41.4716,24.4147
1303,299,94,128,77,42.8094,25.7525
1304,301,87,134,80,44.5183,26.5781
1305,299,81,137,81,45.8194,27.0903
1306,297,78,137,82,46.1279,27.6094
1307,296,73,139,84,46.9595,28.3784
1308,294,68,138,88,46.9388,29.9320
1309,294,70,136,88,46.2585,29.9320
1310,293,69,131,93,44.7099,31.7406
1311,290,63,129,98,44.4828,33.7931
1312,288,62,121,105,42.0139,36.4583
1313,287,61,114,112,39.7213,39.0244
1314,287,60,111,116,38.6760,40.4181
1315,287,56,113,118,39.3728,41.1150
1316,287,55,112,120,39.0244,41.8118
1317,288,58,103,127,35.7639,44.0972
1318,284,53,100,131,35.2113,46.1268
1319,283,54,92,137,32.5088,48.4099
1320,286,56,91,139,31.8182,48.6014
1321,287,54,91,142,31.7073,49.4774
1322,288,55,88,145,30.5556,50.3472
1323,289,56,86,147,29.7578,50.8651
1324,289,56,77,156,26.6436,53.9792
1325,290,57,72,161,24.8276,55.5172
1326,292,59,69,164,23.6301,56.1644
1327,295,62,65,168,22.0339,56.9492
1328,292,61,56,175,19.1781,59.9315
1329,294,66,55,173,18.7075,58.8435
1330,295,65,56,174,18.9831,58.9831
1331,294,67,50,177,17.0068,60.2041
1332,294,68,48,178,16.3265,60.5442
1333,295,71,46,178,15.5932,60.3390
1334,295,71,46,178,15.5932,60.3390
1335,296,73,42,181,14.1892,61.1486
1336,297,74,39,184,13.1313,61.9529
1337,300,79,35,186,11.6667,62.0000
1338,300,77,34,189,11.3333,63.0000
1339,300,78,31,191,10.3333,63.6667
1340,299,78,33,188,11.0368,62.8763
1341,301,80,32,189,10.6312,62.7907
1342,301,79,30,192,9.9668,63.7874
1343,301,80,30,191,9.9668,63.4551
1344,301,81,26,194,8.6379,64.4518
1345,301,83,25,193,8.3056,64.1196
1346,300,85,22,193,7.3333,64.3333
1347,300,89,23,188,7.6667,62.6667
1348,300,91,23,186,7.6667,62.0000
1349,300,93,22,185,7.3333,61.6667
1350,300,95,22,183,7.3333,61.0000
1351,300,95,23,182,7.6667,60.6667
1352,300,97,22,181,7.3333,60.3333
1353,300,97,23,180,7.6667,60.0000
1354,300,104,21,175,7.0000,58.3333
1355,299,107,20,172,6.6890,57.5251
1356,301,111,20,170,6.6445,56.4784
1357,301,112,21,168,6.9767,55.8140
1358,299,111,21,167,7.0234,55.8528
1359,304,118,22,164,7.2368,53.9474
1360,304,122,21,161,6.9079,52.9605
1361,303,125,18,160,5.9406,52.8053
1362,303,126,21,156,6.9307,51.4851
1363,303,131,20,152,6.6007,50.1650
1364,303,137,21,145,6.9307,47.8548
1365,303,145,20,138,6.6007,45.5446
1366,303,147,24,132,7.9208,43.5644
1367,303,149,24,130,7.9208,42.9043
1368,303,151,25,127,8.2508,41.9142
1369,303,156,27,120,8.9109,39.6040
1370,303,156,31,116,10.2310,38.2838
1371,302,160,31,111,10.2649,36.7550
1372,301,159,32,110,10.6312,36.5449
1373,300,163,30,107,10.0000,35.6667
1374,300,166,30,104,10.0000,34.6667
1375,299,168,31,100,10.3679,33.4448
1376,304,181,32,91,10.5263,29.9342
1377,304,183,37,84,12.1711,27.6316
1378,302,184,38,80,12.5828,26.4901
1379,302,186,38,78,12.5828,25.8278
1380,302,192,39,71,12.9139,23.5099
1381,302,189,44,69,14.5695,22.8477
1382,301,188,45,68,14.9502,22.5914
1383,299,192,43,64,14.3813,21.4047
1384,301,191,47,63,15.6146,20.9302
1385,301,188,51,62,16.9435,20.5980
1386,301,184,53,64,17.6080,21.2625
1387,301,185,55,61,18.2724,20.2658
1388,300,185,57,58,19.0000,19.3333
1389,300,184,61,55,20.3333,18.3333
1390,300,184,60,56,20.0000,18.6667
1391,300,184,61,55,20.3333,18.3333
1392,300,181,61,58,20.3333,19.3333
1393,299,177,66,56,22.0736,18.7291
1394,301,177,72,52,23.9203,17.2757
1395,300,172,75,53,25.0000,17.6667
1396,300,173,78,49,26.0000,16.3333
1397,299,164,86,49,28.7625,16.3880
1398,301,161,88,52,29.2359,17.2757
1399,301,156,89,56,29.5681,18.6047
1400,301,155,90,56,29.9003,18.6047
1401,301,150,93,58,30.8970,19.2691
1402,300,147,92,61,30.6667,20.3333
1403,300,146,95,59,31.6667,19.6667
1404,300,142,97,61,32.3333,20.3333
1405,300,141,93,66,31.0000,22.0000
1406,299,135,99,65,33.1104,21.7391
1407,302,138,94,70,31.1258,23.1788
1408,301,135,95,71,31.5615,23.5880
1409,301,129,99,73,32.8904,24.2525
1410,301,125,97,79,32.2259,26.2458
1411,298,119,99,80,33.2215,26.8456
1412,300,116,105,79,35.0000,26.3333
1413,296,113,104,79,35.1351,26.6892
1414,295,109,102,84,34.5763,28.4746
1415,295,103,107,85,36.2712,28.8136
1416,299,103,106,90,35.4515,30.1003
1417,298,94,109,95,36.5772,31.8792
1418,300,93,108,99,36.0000,33.0000
1419,297,88,105,104,35.3535,35.0168
1420,300,88,107,105,35.6667,35.0000
1421,299,88,103,108,34.4482,36.1204
1422,299,84,104,111,34.7826,37.1237
1423,302,84,105,113,34.7682,37.4172
1424,299,81,104,114,34.7826,38.1271
1425,301,78,108,115,35.8804,38.2060
1426,299,74,106,119,35.4515,39.7993
1427,299,73,103,123,34.4482,41.1371
1428,301,73,104,124,34.5515,41.1960
1429,301,70,103,128,34.2193,42.5249
1430,299,66,101,132,33.7793,44.1472
1431,302,68,100,134,33.1126,44.3709
1432,300,65,97,138,32.3333,46.0000
1433,299,65,93,141,31.1037,47.1572
1434,299,68,87,144,29.0970,48.1605
1435,298,66,82,150,27.5168,50.3356
1436,299,70,74,155,24.7492,51.8395
1437,300,68,70,162,23.3333,54.0000
1438,300,70,66,164,22.0000,54.6667
1439,297,69,63,165,21.2121,55.5556
1440,296,69,60,167,20.2703,56.4189
1441,298,71,59,168,19.7987,56.3758
1442,299,74,59,166,19.7324,55.5184
1443,299,75,57,167,19.0635,55.8528
1444,302,78,55,169,18.2119,55.9603
1445,301,78,51,172,16.9435,57.1429
1446,301,75,50,176,16.6113,58.4718
1447,300,76,47,177,15.6667,59.0000
1448,299,75,46,178,15.3846,59.5318
1449,299,76,43,180,14.3813,60.2007
1450,299,81,41,177,13.7124,59.1973
1451,299,85,39,175,13.0435,58.5284
1452,299,86,37,176,12.3746,58.8629
1453,301,91,35,175,11.6279,58.1395
1454,301,92,38,171,12.6246,56.8106
1455,300,90,37,173,12.3333,57.6667
1456,300,90,38,172,12.6667,57.3333
1457,299,93,40,166,13.3779,55.5184
1458,301,95,39,167,12.9568,55.4817
1459,301,98,41,162,13.6213,53.8206
1460,301,97,42,162,13.9535,53.8206
1461,300,98,40,162,13.3333,54.0000
1462,300,103,40,157,13.3333,52.3333
1463,299,102,40,157,13.3779,52.5084
1464,302,103,37,162,12.2517,53.6424
1465,302,104,37,161,12.2517,53.3113
1466,301,108,37,156,12.2924,51.8272
1467,299,110,36,153,12.0401,51.1706
1468,301,116,36,149,11.9601,49.5017
1469,301,121,35,145,11.6279,48.1728
1470,301,125,35,141,11.6279,46.8439
1471,301,127,36,138,11.9601,45.8472
1472,300,129,35,136,11.6667,45.3333
1473,300,132,35,133,11.6667,44.3333
1474,300,131,37,132,12.3333,44.0000
1475,299,132,37,130,12.3746,43.4783
1476,302,134,38,130,12.5828,43.0464
1477,302,136,34,132,11.2583,43.7086
1478,302,139,34,129,11.2583,42.7152
1479,302,141,34,127,11.2583,42.0530
1480,298,140,31,127,10.4027,42.6174
1481,300,144,32,124,10.6667,41.3333
1482,300,145,34,121,11.3333,40.3333
1483,300,148,34,118,11.3333,39.3333
1484,300,149,36,115,12.0000,38.3333
1485,299,149,36,114,12.0401,38.1271
1486,303,151,42,110,13.8614,36.3036
1487,302,156,40,106,13.2450,35.0993
1488,302,160,41,101,13.5762,33.4437
1489,302,160,48,94,15.8940,31.1258
1490,301,162,50,89,16.6113,29.5681
1491,300,159,53,88,17.6667,29.3333
1492,300,157,57,86,19.0000,28.6667
1493,300,156,60,84,20.0000,28.0000
1494,300,153,62,85,20.6667,28.3333
1495,300,151,64,85,21.3333,28.3333
1496,300,151,67,82,22.3333,27.3333
1497,300,151,69,80,23.0000,26.6667
1498,300,152,72,76,24.0000,25.3333
1499,298,151,73,74,24.4966,24.8322
1500,301,148,80,73,26.5781,24.2525
1501,299,140,86,73,28.7625,24.4147
1502,299,138,89,72,29.7659,24.0803
1503,302,135,96,71,31.7881,23.5099
1504,300,134,96,70,32.0000,23.3333
1505,298,133,96,69,32.2148,23.1544
1506,298,131,94,73,31.5436,24.4966
1507,299,132,94,73,31.4381,24.4147
1508,300,130,98,72,32.6667,24.0000
1509,299,124,99,76,33.1104,25.4181
1510,300,118,105,77,35.0000,25.6667
1511,297,108,109,80,36.7003,26.9360
1512,296,103,113,80,38.1757,27.0270
1513,298,102,116,80,38.9262,26.8456
1514,299,98,117,84,39.1304,28.0936
1515,299,94,120,85,40.1338,28.4281
1516,301,97,120,84,39.8671,27.9070
1517,300,92,120,88,40.0000,29.3333
1518,297,88,121,88,40.7407,29.6296
1519,297,82,125,90,42.0875,30.3030
1520,297,84,119,94,40.0673,31.6498
1521,299,85,116,98,38.7960,32.7759
1522,299,79,117,103,39.1304,34.4482
1523,294,79,110,105,37.4150,35.7143
1524,294,77,110,107,37.4150,36.3946
1525,297,79,108,110,36.3636,37.0370
1526,296,77,109,110,36.8243,37.1622
1527,300,78,110,112,36.6667,37.3333
1528,299,77,109,113,36.4548,37.7926
1529,298,79,108,111,36.2416,37.2483
1530,299,80,102,117,34.1137,39.1304
1531,294,76,95,123,32.3129,41.8367
1532,296,80,90,126,30.4054,42.5676
1533,301,84,84,133,27.9070,44.1860
1534,300,83,78,139,26.0000,46.3333
1535,300,81,76,143,25.3333,47.6667
1536,299,79,74,146,24.7492,48.8294
1537,299,82,70,147,23.4114,49.1639
1538,301,79,72,150,23.9203,49.8339
1539,301,81,68,152,22.5914,50.4983
1540,300,79,64,157,21.3333,52.3333
1541,300,76,63,161,21.0000,53.6667
1542,299,74,59,166,19.7324,55.5184
1543,300,75,57,168,19.0000,56.0000
1544,300,74,56,170,18.6667,56.6667
1545,299,71,57,171,19.0635,57.1906
1546,302,76,56,170,18.5430,56.2914
1547,302,76,53,173,17.5497,57.2848
1548,300,76,51,173,17.0000,57.6667
1549,299,77,50,172,16.7224,57.5251
1550,300,76,49,175,16.3333,58.3333
1551,299,75,45,179,15.0502,59.8662
1552,302,75,47,180,15.5629,59.6026
1553,302,78,46,178,15.2318,58.9404
1554,300,77,44,179,14.6667,59.6667
1555,300,76,45,179,15.0000,59.6667
1556,300,76,43,181,14.3333,60.3333
1557,299,77,41,181,13.7124,60.5351
1558,302,84,37,181,12.2517,59.9338
1559,301,84,36,181,11.9601,60.1329
1560,301,82,39,180,12.9568,59.8007
1561,299,85,36,178,12.0401,59.5318
1562,299,87,34,178,11.3712,59.5318
1563,302,92,35,175,11.5894,57.9470
1564,302,92,35,175,11.5894,57.9470
1565,301,92,34,175,11.2957,58.1395
1566,301,97,32,172,10.6312,57.1429
1567,301,99,31,171,10.2990,56.8106
1568,300,103,29,168,9.6667,56.0000
1569,300,107,27,166,9.0000,55.3333
1570,299,107,27,165,9.0301,55.1839
1571,300,110,26,164,8.6667,54.6667
1572,300,114,24,162,8.0000,54.0000
1573,300,118,24,158,8.0000,52.6667
1574,300,122,24,154,8.0000,51.3333
1575,300,124,23,153,7.6667,51.0000
1576,300,124,24,152,8.0000,50.6667
1577,300,127,25,148,8.3333,49.3333
1578,300,128,26,146,8.6667,48.6667
1579,300,130,25,145,8.3333,48.3333
1580,300,133,22,145,7.3333,48.3333
1581,300,132,24,144,8.0000,48.0000
1582,299,137,24,138,8.0268,46.1538
1583,301,144,26,131,8.6379,43.5216
1584,301,147,26,128,8.6379,42.5249
1585,301,153,26,122,8.6379,40.5316
1586,301,158,27,116,8.9701,38.5382
1587,301,160,30,111,9.9668,36.8771
1588,301,162,32,107,10.6312,35.5482
1589,300,161,35,104,11.6667,34.6667
1590,300,160,39,101,13.0000,33.6667
1591,300,163,40,97,13.3333,32.3333
1592,300,167,40,93,13.3333,31.0000
1593,300,166,43,91,14.3333,30.3333
1594,300,169,44,87,14.6667,29.0000
1595,300,165,51,84,17.0000,28.0000
1596,299,164,53,82,17.7258,27.4247
1597,303,167,53,83,17.4917,27.3927
1598,303,164,57,82,18.8119,27.0627
1599,302,164,62,76,20.5298,25.1656
1600,302,158,69,75,22.8477,24.8344
1601,301,153,74,74,24.5847,24.5847
1602,301,149,78,74,25.9136,24.5847
1603,300,147,82,71,27.3333,23.6667
1604,298,143,85,70,28.5235,23.4899
1605,298,139,89,70,29.8658,23.4899
1606,301,138,94,69,31.2292,22.9236
1607,299,133,97,69,32.4415,23.0769
1608,302,132,101,69,33.4437,22.8477
1609,302,130,101,71,33.4437,23.5099
1610,301,131,100,70,33.2226,23.2558
1611,299,123,108,68,36.1204,22.7425
1612,301,117,114,70,37.8738,23.2558
1613,299,113,115,71,38.4615,23.7458
1614,300,107,125,68,41.6667,22.6667
1615,298,107,121,70,40.6040,23.4899
1616,297,108,117,72,39.3939,24.2424
1617,298,105,122,71,40.9396,23.8255
1618,298,100,126,72,42.2819,24.1611
1619,295,95,126,74,42.7119,25.0847
1620,294,92,125,77,42.5170,26.1905
1621,293,94,121,78,41.2969,26.6212
1622,294,90,118,86,40.1361,29.2517
1623,295,90,118,87,40.0000,29.4915
1624,293,93,112,88,38.2253,30.0341
1625,294,91,112,91,38.0952,30.9524
1626,294,87,113,94,38.4354,31.9728
1627,293,86,110,97,37.5427,33.1058
1628,293,83,108,102,36.8601,34.8123
1629,295,78,111,106,37.6271,35.9322
1630,296,78,110,108,37.1622,36.4865
1631,295,78,107,110,36.2712,37.2881
1632,298,81,101,116,33.8926,38.9262
1633,298,78,102,118,34.2282,39.5973
1634,298,80,94,124,31.5436,41.6107
1635,297,83,89,125,29.9663,42.0875
1636,298,80,94,124,31.5436,41.6107
1637,300,84,89,127,29.6667,42.3333
1638,298,83,85,130,28.5235,43.6242
1639,296,84,77,135,26.0135,45.6081
1640,297,85,74,138,24.9158,46.4646
1641,300,84,76,140,25.3333,46.6667
1642,300,81,73,146,24.3333,48.6667
1643,298,79,71,148,23.8255,49.6644
1644,299,76,75,148,25.0836,49.4983
1645,301,78,73,150,24.2525,49.8339
1646,300,76,71,153,23.6667,51.0000
1647,299,76,67,156,22.4080,52.1739
1648,300,82,60,158,20.0000,52.6667
1649,299,82,56,161,18.7291,53.8462
1650,300,82,53,165,17.6667,55.0000
1651,300,80,53,167,17.6667,55.6667
1652,299,80,51,168,17.0569,56.1873
1653,300,82,45,173,15.0000,57.6667
1654,299,84,43,172,14.3813,57.5251
1655,302,85,44,173,14.5695,57.2848
1656,302,85,41,176,13.5762,58.2781
1657,301,84,41,176,13.6213,58.4718
1658,300,84,41,175,13.6667,58.3333
1659,300,85,39,176,13.0000,58.6667
1660,300,86,39,175,13.0000,58.3333
1661,299,88,38,173,12.7090,57.8595
1662,301,93,34,174,11.2957,57.8073
1663,300,92,33,175,11.0000,58.3333
1664,299,94,28,177,9.3645,59.1973
1665,301,99,26,176,8.6379,58.4718
1666,301,99,25,177,8.3056,58.8040
1667,301,101,23,177,7.6412,58.8040
1668,301,102,26,173,8.6379,57.4751
1669,301,103,26,172,8.6379,57.1429
1670,301,106,23,172,7.6412,57.1429
1671,301,109,21,171,6.9767,56.8106
1672,300,113,20,167,6.6667,55.6667
1673,300,117,19,164,6.3333,54.6667
1674,300,124,19,157,6.3333,52.3333
1675,300,126,19,155,6.3333,51.6667
1676,298,128,17,153,5.7047,51.3423
1677,297,133,16,148,5.3872,49.8316
1678,298,139,15,144,5.0336,48.3221
1679,300,145,17,138,5.6667,46.0000
1680,300,149,19,132,6.3333,44.0000
1681,299,151,18,130,6.0201,43.4783
1682,301,155,17,129,5.6478,42.8571
1683,301,158,17,126,5.6478,41.8605
1684,301,165,19,117,6.3123,38.8704
1685,301,168,18,115,5.9801,38.2060
1686,301,173,19,109,6.3123,36.2126
1687,301,173,21,107,6.9767,35.5482
1688,301,172,21,108,6.9767,35.8804
1689,301,175,21,105,6.9767,34.8837
1690,301,178,22,101,7.3090,33.5548
1691,301,182,23,96,7.6412,31.8937
1692,301,180,28,93,9.3023,30.8970
1693,301,180,30,91,9.9668,30.2326
1694,301,186,30,85,9.9668,28.2392
1695,300,185,32,83,10.6667,27.6667
1696,299,182,36,81,12.0401,27.0903
1697,301,186,37,78,12.2924,25.9136
1698,301,187,40,74,13.2890,24.5847
1699,301,189,39,73,12.9568,24.2525
1700,300,188,41,71,13.6667,23.6667
1701,298,189,42,67,14.0940,22.4832
1702,301,193,46,62,15.2824,20.5980
1703,301,193,47,61,15.6146,20.2658
1704,300,186,54,60,18.0000,20.0000
1705,300,187,58,55,19.3333,18.3333
1706,300,187,60,53,20.0000,17.6667
1707,298,186,59,53,19.7987,17.7852
1708,298,187,61,50,20.4698,16.7785
1709,300,183,68,49,22.6667,16.3333
1710,300,179,69,52,23.0000,17.3333
1711,300,178,72,50,24.0000,16.6667
1712,300,174,75,51,25.0000,17.0000
1713,300,169,76,55,25.3333,18.3333
1714,300,167,82,51,27.3333,17.0000
1715,300,163,84,53,28.0000,17.6667
1716,300,162,88,50,29.3333,16.6667
1717,299,152,94,53,31.4381,17.7258
1718,303,147,104,52,34.3234,17.1617
1719,302,145,106,51,35.0993,16.8874
1720,300,140,107,53,35.6667,17.6667
1721,299,134,110,55,36.7893,18.3946
1722,298,134,110,54,36.9128,18.1208
1723,298,127,117,54,39.2617,18.1208
1724,301,123,118,60,39.2027,19.9336
1725,299,123,113,63,37.7926,21.0702
1726,301,120,116,65,38.5382,21.5947
1727,301,112,122,67,40.5316,22.2591
1728,299,110,122,67,40.8027,22.4080
1729,301,107,123,71,40.8638,23.5880
1730,301,103,124,74,41.1960,24.5847
1731,301,93,130,78,43.1894,25.9136
1732,299,88,128,83,42.8094,27.7592
1733,300,87,127,86,42.3333,28.6667
1734,300,85,128,87,42.6667,29.0000
1735,299,80,125,94,41.8060,31.4381
1736,298,75,126,97,42.2819,32.5503
1737,298,71,122,105,40.9396,35.2349
1738,298,69,118,111,39.5973,37.2483
1739,297,67,112,118,37.7104,39.7306
1740,296,67,108,121,36.4865,40.8784
1741,297,70,106,121,35.6902,40.7407
1742,296,72,101,123,34.1216,41.5541
1743,292,69,95,128,32.5342,43.8356
1744,293,69,89,135,30.3754,46.0751
1745,295,71,88,136,29.8305,46.1017
1746,297,71,85,141,28.6195,47.4747
1747,302,73,79,150,26.1589,49.6689
1748,302,71,77,154,25.4967,50.9934
1749,300,69,75,156,25.0000,52.0000
1750,300,66,73,161,24.3333,53.6667
1751,297,68,67,162,22.5589,54.5455
1752,298,69,60,169,20.1342,56.7114
1753,297,70,58,169,19.5286,56.9024
1754,298,71,55,172,18.4564,57.7181
1755,298,72,53,173,17.7852,58.0537
1756,299,72,50,177,16.7224,59.1973
1757,301,72,48,181,15.9468,60.1329
1758,300,70,44,186,14.6667,62.0000
1759,297,72,40,185,13.4680,62.2896
1760,296,73,38,185,12.8378,62.5000
1761,298,74,38,186,12.7517,62.4161
1762,301,78,39,184,12.9568,61.1296
1763,301,76,38,187,12.6246,62.1262
1764,300,77,38,185,12.6667,61.6667
1765,300,81,37,182,12.3333,60.6667
1766,300,79,37,184,12.3333,61.3333
1767,300,82,34,184,11.3333,61.3333
1768,300,81,34,185,11.3333,61.6667
1769,299,86,32,181,10.7023,60.5351
1770,305,92,30,183,9.8361,60.0000
1771,304,93,29,182,9.5395,59.8684
1772,304,91,32,181,10.5263,59.5395
1773,303,91,31,181,10.2310,59.7360
1774,303,91,32,180,10.5611,59.4059
1775,303,92,31,180,10.2310,59.4059
1776,303,96,33,174,10.8911,57.4257
1777,302,99,30,173,9.9338,57.2848
1778,301,98,32,171,10.6312,56.8106
1779,301,100,31,170,10.2990,56.4784
1780,301,101,32,168,10.6312,55.8140
1781,300,102,34,164,11.3333,54.6667
1782,299,102,35,162,11.7057,54.1806
1783,302,109,34,159,11.2583,52.6490
1784,301,113,32,156,10.6312,51.8272
1785,301,117,33,151,10.9635,50.1661
1786,301,119,31,151,10.2990,50.1661
1787,300,125,32,143,10.6667,47.6667
1788,300,126,32,142,10.6667,47.3333
1789,300,132,35,133,11.6667,44.3333
1790,300,135,39,126,13.0000,42.0000
1791,300,140,40,120,13.3333,40.0000
1792,300,143,41,116,13.6667,38.6667
1793,299,144,38,117,12.7090,39.1304
1794,303,148,37,118,12.2112,38.9439
1795,303,151,38,114,12.5413,37.6238
1796,303,154,39,110,12.8713,36.3036
1797,303,153,40,110,13.2013,36.3036
1798,303,154,42,107,13.8614,35.3135
1799,302,158,45,99,14.9007,32.7815
1800,302,157,49,96,16.2252,31.7881
1801,301,157,49,95,16.2791,31.5615
1802,300,159,51,90,17.0000,30.0000
1803,300,158,53,89,17.6667,29.6667
1804,299,161,56,82,18.7291,27.4247
1805,300,158,61,81,20.3333,27.0000
1806,300,159,62,79,20.6667,26.3333
1807,300,157,65,78,21.6667,26.0000
1808,300,158,67,75,22.3333,25.0000
1809,300,156,71,73,23.6667,24.3333
1810,298,156,73,69,24.4966,23.1544
1811,298,155,74,69,24.8322,23.1544
1812,299,154,75,70,25.0836,23.4114
1813,299,146,81,72,27.0903,24.0803
1814,303,147,84,72,27.7228,23.7624
1815,303,146,85,72,28.0528,23.7624
1816,303,141,91,71,30.0330,23.4323
1817,301,135,94,72,31.2292,23.9203
1818,299,134,93,72,31.1037,24.0803
1819,301,136,94,71,31.2292,23.5880
1820,301,131,97,73,32.2259,24.2525
1821,300,130,95,75,31.6667,25.0000
1822,298,122,102,74,34.2282,24.8322
1823,299,121,100,78,33.4448,26.0870
1824,301,119,104,78,34.5515,25.9136
1825,300,114,103,83,34.3333,27.6667
1826,299,112,104,83,34.7826,27.7592
1827,300,115,102,83,34.0000,27.6667
1828,297,102,110,85,37.0370,28.6195
1829,298,102,109,87,36.5772,29.1946
1830,299,100,107,92,35.7860,30.7692
1831,300,100,105,95,35.0000,31.6667
1832,300,96,108,96,36.0000,32.0000
1833,297,92,103,102,34.6801,34.3434
1834,299,92,100,107,33.4448,35.7860
1835,300,92,98,110,32.6667,36.6667
1836,299,90,99,110,33.1104,36.7893
1837,299,85,98,116,32.7759,38.7960
1838,299,83,98,118,32.7759,39.4649
1839,299,81,96,122,32.1070,40.8027
1840,298,78,94,126,31.5436,42.2819
1841,302,79,93,130,30.7947,43.0464
1842,301,77,87,137,28.9037,45.5150
1843,301,77,83,141,27.5748,46.8439
1844,299,76,81,142,27.0903,47.4916
1845,301,80,78,143,25.9136,47.5083
1846,301,82,75,144,24.9169,47.8405
1847,301,81,74,146,24.5847,48.5050
1848,297,81,68,148,22.8956,49.8316
1849,294,78,65,151,22.1088,51.3605
1850,295,78,64,153,21.6949,51.8644
1851,295,77,61,157,20.6780,53.2203
1852,295,76,62,157,21.0169,53.2203
1853,295,76,60,159,20.3390,53.8983
1854,294,75,57,162,19.3878,55.1020
1855,297,81,55,161,18.5185,54.2088
1856,299,84,54,161,18.0602,53.8462
1857,301,86,47,168,15.6146,55.8140
1858,300,83,46,171,15.3333,57.0000
1859,300,84,43,173,14.3333,57.6667
1860,299,86,39,174,13.0435,58.1940
1861,301,87,38,176,12.6246,58.4718
1862,300,88,36,176,12.0000,58.6667
1863,300,87,36,177,12.0000,59.0000
1864,300,89,34,177,11.3333,59.0000
1865,300,92,33,175,11.0000,58.3333
1866,300,93,31,176,10.3333,58.6667
1867,300,92,35,173,11.6667,57.6667
1868,300,92,33,175,11.0000,58.3333
1869,299,94,29,176,9.6990,58.8629
1870,304,99,26,179,8.5526,58.8816
1871,304,100,26,178,8.5526,58.5526
1872,304,101,26,177,8.5526,58.2237
1873,304,104,25,175,8.2237,57.5658
1874,304,104,22,178,7.2368,58.5526
1875,304,108,23,173,7.5658,56.9079
1876,304,108,24,172,7.8947,56.5789
1877,304,115,23,166,7.5658,54.6053
1878,303,115,22,166,7.2607,54.7855
1879,303,117,20,166,6.6007,54.7855
1880,303,118,21,164,6.9307,54.1254
1881,302,122,19,161,6.2914,53.3113
1882,302,127,20,155,6.6225,51.3245
1883,302,129,21,152,6.9536,50.3311
1884,302,129,21,152,6.9536,50.3311
1885,302,133,23,146,7.6159,48.3444
1886,302,137,25,140,8.2781,46.3576
1887,302,138,25,139,8.2781,46.0265
1888,301,139,25,137,8.3056,45.5150
1889,301,143,27,131,8.9701,43.5216
1890,300,144,27,129,9.0000,43.0000
1891,300,147,28,125,9.3333,41.6667
1892,300,152,26,122,8.6667,40.6667
1893,300,156,25,119,8.3333,39.6667
1894,300,160,28,112,9.3333,37.3333
1895,299,162,29,108,9.6990,36.1204
1896,301,164,30,107,9.9668,35.5482
1897,301,164,34,103,11.2957,34.2193
1898,301,166,36,99,11.9601,32.8904
1899,301,166,38,97,12.6246,32.2259
1900,301,169,40,92,13.2890,30.5648
1901,301,170,41,90,13.6213,29.9003
1902,301,171,44,86,14.6179,28.5714
1903,301,173,45,83,14.9502,27.5748
1904,300,168,50,82,16.6667,27.3333
1905,300,171,50,79,16.6667,26.3333
1906,300,170,51,79,17.0000,26.3333
1907,299,162,59,78,19.7324,26.0870
1908,301,159,62,80,20.5980,26.5781
1909,300,162,65,73,21.6667,24.3333
1910,300,161,68,71,22.6667,23.6667
1911,299,160,68,71,22.7425,23.7458
1912,299,156,74,69,24.7492,23.0769
1913,302,157,80,65,26.4901,21.5232
1914,301,155,81,65,26.9103,21.5947
1915,301,146,90,65,29.9003,21.5947
1916,301,143,92,66,30.5648,21.9269
1917,301,136,98,67,32.5581,22.2591
1918,299,130,102,67,34.1137,22.4080
1919,303,128,106,69,34.9835,22.7723
1920,303,124,109,70,35.9736,23.1023
1921,303,124,112,67,36.9637,22.1122
1922,303,123,114,66,37.6238,21.7822
1923,302,119,116,67,38.4106,22.1854
1924,301,120,114,67,37.8738,22.2591
1925,301,117,114,70,37.8738,23.2558
1926,301,117,116,68,38.5382,22.5914
1927,299,113,116,70,38.7960,23.4114
1928,298,106,112,80,37.5839,26.8456
1929,299,102,114,83,38.1271,27.7592
1930,299,102,112,85,37.4582,28.4281
1931,297,98,114,85,38.3838,28.6195
1932,297,96,109,92,36.7003,30.9764
1933,300,94,115,91,38.3333,30.3333
1934,300,91,112,97,37.3333,32.3333
1935,298,86,111,101,37.2483,33.8926
1936,296,84,107,105,36.1486,35.4730
1937,294,79,103,112,35.0340,38.0952
1938,295,77,103,115,34.9153,38.9831
1939,296,80,98,118,33.1081,39.8649
1940,296,78,98,120,33.1081,40.5405
1941,295,79,92,124,31.1864,42.0339
1942,298,80,92,126,30.8725,42.2819
1943,299,81,86,132,28.7625,44.1472
1944,302,84,87,131,28.8079,43.3775
1945,300,83,86,131,28.6667,43.6667
1946,299,83,81,135,27.0903,45.1505
1947,299,84,80,135,26.7559,45.1505
1948,299,83,75,141,25.0836,47.1572
1949,299,82,72,145,24.0803,48.4950
1950,298,81,68,149,22.8188,50.0000
1951,300,81,66,153,22.0000,51.0000
1952,299,77,66,156,22.0736,52.1739
1953,300,80,62,158,20.6667,52.6667
1954,299,78,60,161,20.0669,53.8462
1955,300,79,56,165,18.6667,55.0000
1956,300,77,54,169,18.0000,56.3333
1957,299,74,55,170,18.3946,56.8562
1958,302,81,50,171,16.5563,56.6225
1959,301,80,47,174,15.6146,57.8073
1960,301,80,46,175,15.2824,58.1395
1961,300,80,43,177,14.3333,59.0000
1962,300,81,43,176,14.3333,58.6667
1963,299,82,41,176,13.7124,58.8629
1964,301,82,42,177,13.9535,58.8040
1965,299,80,40,179,13.3779,59.8662
1966,301,81,42,178,13.9535,59.1362
1967,301,81,44,176,14.6179,58.4718
1968,300,81,45,174,15.0000,58.0000
1969,299,83,41,175,13.7124,58.5284
1970,304,90,39,175,12.8289,57.5658
1971,303,92,38,173,12.5413,57.0957
1972,302,95,34,173,11.2583,57.2848
1973,301,95,31,175,10.2990,58.1395
1974,301,96,34,171,11.2957,56.8106
1975,300,98,30,172,10.0000,57.3333
1976,300,99,31,170,10.3333,56.6667
1977,300,103,27,170,9.0000,56.6667
1978,300,105,25,170,8.3333,56.6667
1979,299,107,24,168,8.0268,56.1873
1980,303,120,23,160,7.5908,52.8053
1981,302,122,24,156,7.9470,51.6556
1982,302,125,24,153,7.9470,50.6623
1983,302,126,22,154,7.2848,50.9934
1984,302,131,22,149,7.2848,49.3377
1985,302,131,21,150,6.9536,49.6689
1986,302,134,21,147,6.9536,48.6755
1987,302,139,20,143,6.6225,47.3510
1988,302,143,17,142,5.6291,47.0199
1989,302,149,18,135,5.9603,44.7020
1990,302,152,18,132,5.9603,43.7086
1991,302,158,18,126,5.9603,41.7219
1992,302,159,19,124,6.2914,41.0596
1993,302,162,19,121,6.2914,40.0662
1994,302,164,19,119,6.2914,39.4040
1995,301,165,23,113,7.6412,37.5415
1996,301,165,24,112,7.9734,37.2093
1997,301,166,23,112,7.6412,37.2093
1998,301,167,26,108,8.6379,35.8804
1999,301,167,27,107,8.9701,35.5482
2000,301,171,30,100,9.9668,33.2226
2001,301,174,28,99,9.3023,32.8904
2002,301,173,33,95,10.9635,31.5615
2003,301,176,34,91,11.2957,30.2326
2004,301,178,34,89,11.2957,29.5681
2005,300,181,34,85,11.3333,28.3333
2006,299,181,33,85,11.0368,28.4281
2007,304,189,36,79,11.8421,25.9868
2008,304,188,41,75,13.4868,24.6711
2009,304,188,42,74,13.8158,24.3421
2010,303,191,42,70,13.8614,23.1023
2011,303,187,49,67,16.1716,22.1122
2012,303,188,51,64,16.8317,21.1221
2013,303,186,54,63,17.8218,20.7921
2014,303,184,57,62,18.8119,20.4620
2015,302,181,59,62,19.5364,20.5298
2016,302,177,62,63,20.5298,20.8609
2017,301,174,65,62,21.5947,20.5980
2018,301,168,69,64,22.9236,21.2625
2019,301,163,72,66,23.9203,21.9269
2020,301,159,77,65,25.5814,21.5947
2021,300,154,82,64,27.3333,21.3333
2022,300,150,86,64,28.6667,21.3333
2023,298,140,90,68,30.2013,22.8188
2024,299,136,97,66,32.4415,22.0736
2025,302,136,103,63,34.1060,20.8609
2026,302,133,104,65,34.4371,21.5232
2027,302,130,107,65,35.4305,21.5232
2028,301,126,108,67,35.8804,22.2591
2029,300,123,111,66,37.0000,22.0000
2030,298,120,114,64,38.2550,21.4765
2031,302,122,114,66,37.7483,21.8543
2032,302,116,114,72,37.7483,23.8411
2033,302,110,119,73,39.4040,24.1722
2034,301,106,118,77,39.2027,25.5814
2035,301,107,116,78,38.5382,25.9136
2036,299,98,120,81,40.1338,27.0903
2037,300,96,121,83,40.3333,27.6667
2038,300,94,120,86,40.0000,28.6667
2039,296,91,117,88,39.5270,29.7297
2040,298,94,119,85,39.9329,28.5235
2041,298,86,122,90,40.9396,30.2013
2042,297,79,122,96,41.0774,32.3232
2043,298,78,118,102,39.5973,34.2282
2044,300,82,109,109,36.3333,36.3333
2045,299,79,106,114,35.4515,38.1271
2046,296,79,105,112,35.4730,37.8378
2047,296,76,105,115,35.4730,38.8514
2048,296,77,100,119,33.7838,40.2027
2049,296,75,99,122,33.4459,41.2162
2050,298,73,99,126,33.2215,42.2819
2051,300,72,97,131,32.3333,43.6667
2052,300,68,95,137,31.6667,45.6667
2053,300,66,95,139,31.6667,46.3333
2054,297,62,93,142,31.3131,47.8114
2055,302,62,96,144,31.7881,47.6821
2056,299,62,90,147,30.1003,49.1639
2057,301,64,84,153,27.9070,50.8306
2058,300,63,83,154,27.6667,51.3333
2059,300,57,84,159,28.0000,53.0000
2060,298,55,81,162,27.1812,54.3624
2061,297,54,80,163,26.9360,54.8822
2062,297,56,70,171,23.5690,57.5758
2063,297,54,68,175,22.8956,58.9226
2064,303,57,71,175,23.4323,57.7558
2065,303,57,71,175,23.4323,57.7558
2066,302,53,70,179,23.1788,59.2715
2067,301,54,69,178,22.9236,59.1362
2068,300,56,67,177,22.3333,59.0000
2069,299,55,68,176,22.7425,58.8629
2070,300,59,60,181,20.0000,60.3333
2071,299,59,59,181,19.7324,60.5351
2072,301,60,58,183,19.2691,60.7973
2073,298,60,51,187,17.1141,62.7517
2074,301,67,47,187,15.6146,62.1262
2075,301,71,44,186,14.6179,61.7940
2076,300,71,42,187,14.0000,62.3333
2077,300,70,42,188,14.0000,62.6667
2078,300,67,44,189,14.6667,63.0000
2079,299,68,43,188,14.3813,62.8763
2080,300,74,37,189,12.3333,63.0000
2081,300,77,35,188,11.6667,62.6667
2082,300,77,33,190,11.0000,63.3333
2083,299,78,31,190,10.3679,63.5452
2084,304,91,28,185,9.2105,60.8553
2085,304,91,26,187,8.5526,61.5132
2086,303,95,25,183,8.2508,60.3960
2087,303,98,21,184,6.9307,60.7261
2088,303,102,22,179,7.2607,59.0759
2089,303,103,23,177,7.5908,58.4158
2090,303,109,22,172,7.2607,56.7657
2091,303,112,22,169,7.2607,55.7756
2092,301,111,21,169,6.9767,56.1462
2093,301,114,22,165,7.3090,54.8173
2094,300,120,21,159,7.0000,53.0000
2095,300,125,22,153,7.3333,51.0000
2096,300,131,22,147,7.3333,49.0000
2097,300,135,23,142,7.6667,47.3333
2098,300,134,22,144,7.3333,48.0000
2099,298,135,19,144,6.3758,48.3221
2100,300,141,19,140,6.3333,46.6667
2101,300,140,24,136,8.0000,45.3333
2102,300,144,24,132,8.0000,44.0000
2103,300,149,24,127,8.0000,42.3333
2104,300,154,24,122,8.0000,40.6667
2105,300,157,25,118,8.3333,39.3333
2106,300,158,27,115,9.0000,38.3333
2107,300,161,27,112,9.0000,37.3333
2108,300,161,29,110,9.6667,36.6667
2109,300,165,29,106,9.6667,35.3333
2110,300,168,29,103,9.6667,34.3333
2111,300,172,30,98,10.0000,32.6667
2112,299,174,29,96,9.6990,32.1070
2113,301,172,35,94,11.6279,31.2292
2114,301,177,36,88,11.9601,29.2359
2115,301,178,38,85,12.6246,28.2392
2116,301,177,40,84,13.2890,27.9070
2117,301,173,42,86,13.9535,28.5714
2118,301,175,44,82,14.6179,27.2425
2119,301,176,43,82,14.2857,27.2425
2120,301,174,45,82,14.9502,27.2425
2121,300,167,48,85,16.0000,28.3333
2122,299,171,50,78,16.7224,26.0870
2123,303,174,53,76,17.4917,25.0825
2124,303,172,57,74,18.8119,24.4224
2125,302,174,59,69,19.5364,22.8477
2126,301,172,60,69,19.9336,22.9236
2127,301,172,63,66,20.9302,21.9269
2128,301,166,68,67,22.5914,22.2591
2129,300,164,68,68,22.6667,22.6667
2130,300,167,68,65,22.6667,21.6667
2131,300,162,74,64,24.6667,21.3333
2132,299,162,76,61,25.4181,20.4013
2133,298,161,75,62,25.1678,20.8054
2134,301,159,79,63,26.2458,20.9302
2135,301,158,82,61,27.2425,20.2658
2136,299,158,80,61,26.7559,20.4013
2137,302,164,78,60,25.8278,19.8675
2138,301,162,78,61,25.9136,20.2658
2139,300,161,83,56,27.6667,18.6667
2140,299,153,87,59,29.0970,19.7324
2141,298,151,86,61,28.8591,20.4698
2142,300,149,88,63,29.3333,21.0000
2143,300,147,86,67,28.6667,22.3333
2144,297,143,88,66,29.6296,22.2222
2145,301,138,95,68,31.5615,22.5914
2146,300,134,94,72,31.3333,24.0000
2147,299,130,94,75,31.4381,25.0836
2148,300,130,93,77,31.0000,25.6667
2149,300,124,96,80,32.0000,26.6667
2150,300,124,96,80,32.0000,26.6667
2151,299,114,106,79,35.4515,26.4214
2152,302,109,109,84,36.0927,27.8146
2153,300,103,111,86,37.0000,28.6667
2154,297,101,104,92,35.0168,30.9764
2155,298,92,110,96,36.9128,32.2148
2156,296,85,116,95,39.1892,32.0946
2157,298,86,116,96,38.9262,32.2148
2158,298,82,118,98,39.5973,32.8859
2159,300,82,116,102,38.6667,34.0000
2160,299,81,116,102,38.7960,34.1137
2161,300,81,111,108,37.0000,36.0000
2162,298,79,109,110,36.5772,36.9128
2163,297,75,111,111,37.3737,37.3737
2164,295,71,112,112,37.9661,37.9661
2165,294,67,111,116,37.7551,39.4558
2166,294,72,103,119,35.0340,40.4762
2167,296,71,103,122,34.7973,41.2162
2168,298,69,104,125,34.8993,41.9463
2169,298,73,100,125,33.5570,41.9463
2170,303,78,95,130,31.3531,42.9043
2171,301,79,88,134,29.2359,44.5183
2172,296,76,83,137,28.0405,46.2838
2173,295,79,77,139,26.1017,47.1186
2174,296,76,79,141,26.6892,47.6351
2175,296,77,75,144,25.3378,48.6486
2176,297,79,66,152,22.2222,51.1785
2177,301,84,63,154,20.9302,51.1628
2178,300,84,60,156,20.0000,52.0000
2179,300,81,60,159,20.0000,53.0000
2180,300,83,57,160,19.0000,53.3333
2181,299,81,58,160,19.3980,53.5117
2182,300,80,58,162,19.3333,54.0000
2183,300,77,56,167,18.6667,55.6667
2184,300,77,53,170,17.6667,56.6667
2185,300,78,51,171,17.0000,57.0000
2186,299,78,50,171,16.7224,57.1906
2187,299,76,51,172,17.0569,57.5251
2188,303,82,50,171,16.5017,56.4356
2189,303,82,48,173,15.8416,57.0957
2190,303,79,51,173,16.8317,57.0957
2191,303,75,55,173,18.1518,57.0957
2192,302,77,52,173,17.2185,57.2848
2193,302,78,52,172,17.2185,56.9536
2194,300,78,49,173,16.3333,57.6667
2195,299,80,50,169,16.7224,56.5217
2196,302,83,49,170,16.2252,56.2914
2197,302,84,50,168,16.5563,55.6291
2198,301,84,52,165,17.2757,54.8173
2199,300,85,52,163,17.3333,54.3333
2200,300,86,52,162,17.3333,54.0000
2201,300,89,50,161,16.6667,53.6667
2202,299,88,50,161,16.7224,53.8462
2203,300,90,51,159,17.0000,53.0000
2204,297,93,50,154,16.8350,51.8519
2205,299,95,52,152,17.3913,50.8361
2206,300,103,51,146,17.0000,48.6667
2207,299,104,51,144,17.0569,48.1605
2208,301,104,51,146,16.9435,48.5050
2209,301,104,49,148,16.2791,49.1694
2210,300,105,46,149,15.3333,49.6667
2211,299,108,44,147,14.7157,49.1639
2212,302,112,42,148,13.9073,49.0066
2213,302,120,41,141,13.5762,46.6887
2214,302,123,36,143,11.9205,47.3510
2215,302,122,37,143,12.2517,47.3510
2216,302,122,37,143,12.2517,47.3510
2217,302,123,40,139,13.2450,46.0265
2218,302,125,38,139,12.5828,46.0265
2219,302,128,37,137,12.2517,45.3642
2220,301,128,37,136,12.2924,45.1827
2221,301,130,38,133,12.6246,44.1860
2222,300,133,36,131,12.0000,43.6667
2223,300,138,36,126,12.0000,42.0000
2224,299,138,40,121,13.3779,40.4682
2225,299,142,37,120,12.3746,40.1338
2226,300,141,38,121,12.6667,40.3333
2227,299,142,38,119,12.7090,39.7993
2228,302,152,37,113,12.2517,37.4172
2229,302,148,42,112,13.9073,37.0861
2230,302,146,46,110,15.2318,36.4238
2231,302,145,50,107,16.5563,35.4305
2232,302,145,52,105,17.2185,34.7682
2233,302,146,53,103,17.5497,34.1060
2234,302,146,55,101,18.2119,33.4437
2235,302,151,56,95,18.5430,31.4570
2236,301,150,57,94,18.9369,31.2292
2237,301,153,56,92,18.6047,30.5648
2238,299,153,56,90,18.7291,30.1003
2239,301,155,57,89,18.9369,29.5681
2240,301,150,61,90,20.2658,29.9003
2241,301,152,62,87,20.5980,28.9037
2242,300,149,65,86,21.6667,28.6667
2243,300,144,68,88,22.6667,29.3333
2244,300,144,66,90,22.0000,30.0000
2245,300,140,72,88,24.0000,29.3333
2246,300,144,69,87,23.0000,29.0000
2247,300,140,71,89,23.6667,29.6667
2248,300,133,76,91,25.3333,30.3333
2249,299,129,78,92,26.0870,30.7692
2250,298,130,71,97,23.8255,32.5503
2251,297,128,70,99,23.5690,33.3333
2252,299,127,70,102,23.4114,34.1137
2253,300,126,74,100,24.6667,33.3333
2254,299,125,76,98,25.4181,32.7759
2255,300,122,79,99,26.3333,33.0000
2256,300,117,83,100,27.6667,33.3333
2257,298,114,81,103,27.1812,34.5638
2258,302,113,85,104,28.1457,34.4371
2259,299,108,89,102,29.7659,34.1137
2260,301,107,91,103,30.2326,34.2193
2261,301,105,90,106,29.9003,35.2159
2262,300,105,91,104,30.3333,34.6667
2263,299,101,90,108,30.1003,36.1204
2264,301,104,90,107,29.9003,35.5482
2265,301,103,86,112,28.5714,37.2093
2266,300,103,89,108,29.6667,36.0000
2267,299,101,91,107,30.4348,35.7860
2268,303,105,86,112,28.3828,36.9637
2269,303,100,88,115,29.0429,37.9538
2270,302,103,84,115,27.8146,38.0795
2271,302,101,88,113,29.1391,37.4172
2272,302,98,88,116,29.1391,38.4106
2273,301,94,86,121,28.5714,40.1993
2274,299,95,85,119,28.4281,39.7993
2275,299,91,88,120,29.4314,40.1338
2276,299,88,86,125,28.7625,41.8060
2277,298,91,84,123,28.1879,41.2752
2278,298,89,87,122,29.1946,40.9396
2279,298,88,87,123,29.1946,41.2752
2280,297,89,84,124,28.2828,41.7508
2281,299,92,81,126,27.0903,42.1405
2282,300,94,78,128,26.0000,42.6667
2283,298,92,73,133,24.4966,44.6309
2284,299,93,73,133,24.4147,44.4816
2285,300,90,75,135,25.0000,45.0000
2286,299,86,76,137,25.4181,45.8194
2287,302,87,76,139,25.1656,46.0265
2288,302,86,77,139,25.4967,46.0265
2289,302,86,74,142,24.5033,47.0199
2290,302,85,74,143,24.5033,47.3510
2291,301,83,72,146,23.9203,48.5050
2292,301,85,69,147,22.9236,48.8372
2293,300,85,64,151,21.3333,50.3333
2294,299,79,67,153,22.4080,51.1706
2295,303,84,66,153,21.7822,50.4950
2296,302,87,62,153,20.5298,50.6623
2297,301,84,62,155,20.5980,51.4950
2298,300,87,58,155,19.3333,51.6667
2299,300,87,57,156,19.0000,52.0000
2300,299,90,52,157,17.3913,52.5084
2301,301,90,55,156,18.2724,51.8272
2302,299,95,52,152,17.3913,50.8361
2303,303,100,52,151,17.1617,49.8350
2304,303,103,52,148,17.1617,48.8449
2305,302,104,49,149,16.2252,49.3377
2306,302,102,48,152,15.8940,50.3311
2307,301,102,44,155,14.6179,51.4950
2308,301,103,42,156,13.9535,51.8272
2309,300,102,43,155,14.3333,51.6667
2310,299,102,40,157,13.3779,52.5084
2311,301,101,42,158,13.9535,52.4917
2312,301,102,43,156,14.2857,51.8272
2313,301,107,44,150,14.6179,49.8339
2314,301,105,43,153,14.2857,50.8306
2315,301,110,39,152,12.9568,50.4983
2316,300,110,39,151,13.0000,50.3333
2317,298,116,36,146,12.0805,48.9933
2318,302,119,36,147,11.9205,48.6755
2319,302,116,38,148,12.5828,49.0066
2320,302,121,39,142,12.9139,47.0199
2321,299,121,39,139,13.0435,46.4883
2322,306,131,40,135,13.0719,44.1176
2323,306,125,45,136,14.7059,44.4444
2324,305,129,44,132,14.4262,43.2787
2325,305,129,47,129,15.4098,42.2951
2326,304,127,48,129,15.7895,42.4342
2327,304,126,50,128,16.4474,42.1053
2328,304,125,56,123,18.4211,40.4605
2329,304,125,55,124,18.0921,40.7895
2330,304,125,55,124,18.0921,40.7895
2331,302,124,55,123,18.2119,40.7285
2332,302,119,62,121,20.5298,40.0662
2333,302,119,62,121,20.5298,40.0662
2334,302,119,65,118,21.5232,39.0728
2335,302,121,65,116,21.5232,38.4106
2336,302,114,74,114,24.5033,37.7483
2337,302,115,73,114,24.1722,37.7483
2338,302,117,72,113,23.8411,37.4172
2339,302,115,75,112,24.8344,37.0861
2340,301,113,76,112,25.2492,37.2093
2341,301,114,78,109,25.9136,36.2126
2342,300,114,76,110,25.3333,36.6667
2343,298,115,73,110,24.4966,36.9128
2344,299,117,74,108,24.7492,36.1204
2345,301,119,78,104,25.9136,34.5515
2346,300,119,74,107,24.6667,35.6667
2347,299,117,77,105,25.7525,35.1171
2348,301,121,75,105,24.9169,34.8837
2349,300,120,75,105,25.0000,35.0000
2350,300,119,77,104,25.6667,34.6667
2351,300,118,78,104,26.0000,34.6667
2352,299,117,77,105,25.7525,35.1171
2353,299,115,75,109,25.0836,36.4548
2354,301,115,76,110,25.2492,36.5449
2355,299,111,77,111,25.7525,37.1237
2356,299,110,77,112,25.7525,37.4582
2357,299,114,71,114,23.7458,38.1271
2358,300,117,72,111,24.0000,37.0000
2359,300,115,75,110,25.0000,36.6667
2360,299,114,77,108,25.7525,36.1204
2361,299,115,72,112,24.0803,37.4582
2362,301,119,70,112,23.2558,37.2093
2363,301,120,69,112,22.9236,37.2093
2364,299,115,72,112,24.0803,37.4582
2365,305,120,71,114,23.2787,37.3770
2366,305,121,69,115,22.6230,37.7049
2367,304,115,77,112,25.3289,36.8421
2368,303,112,77,114,25.4125,37.6238
2369,303,108,78,117,25.7426,38.6139
2370,302,106,78,118,25.8278,39.0728
2371,301,106,76,119,25.2492,39.5349
2372,298,105,73,120,24.4966,40.2685
2373,301,105,74,122,24.5847,40.5316
2374,301,105,72,124,23.9203,41.1960
2375,298,104,68,126,22.8188,42.2819
2376,300,104,67,129,22.3333,43.0000
2377,299,103,67,129,22.4080,43.1438
2378,301,101,71,129,23.5880,42.8571
2379,301,98,73,130,24.2525,43.1894
2380,301,98,69,134,22.9236,44.5183
2381,300,95,70,135,23.3333,45.0000
2382,300,93,73,134,24.3333,44.6667
2383,300,91,75,134,25.0000,44.6667
2384,298,89,75,134,25.1678,44.9664
2385,301,93,76,132,25.2492,43.8538
2386,300,93,75,132,25.0000,44.0000
2387,299,89,74,136,24.7492,45.4849
2388,296,84,71,141,23.9865,47.6351
2389,297,86,69,142,23.2323,47.8114
2390,297,87,65,145,21.8855,48.8215
2391,299,88,66,145,22.0736,48.4950
2392,304,90,71,143,23.3553,47.0395
2393,304,87,73,144,24.0132,47.3684
2394,304,87,71,146,23.3553,48.0263
2395,304,87,74,143,24.3421,47.0395
2396,302,88,71,143,23.5099,47.3510
2397,300,86,71,143,23.6667,47.6667
2398,300,87,71,142,23.6667,47.3333
2399,298,85,70,143,23.4899,47.9866
2400,299,90,68,141,22.7425,47.1572
2401,300,93,66,141,22.0000,47.0000
2402,299,90,69,140,23.0769,46.8227
2403,305,95,67,143,21.9672,46.8852
2404,303,97,66,140,21.7822,46.2046
2405,302,100,66,136,21.8543,45.0331
2406,302,96,70,136,23.1788,45.0331
2407,301,97,68,136,22.5914,45.1827
2408,300,99,66,135,22.0000,45.0000
2409,299,102,60,137,20.0669,45.8194
2410,300,98,64,138,21.3333,46.0000
2411,300,96,67,137,22.3333,45.6667
2412,300,92,70,138,23.3333,46.0000
2413,300,93,68,139,22.6667,46.3333
2414,298,94,64,140,21.4765,46.9799
2415,299,95,64,140,21.4047,46.8227
2416,300,97,62,141,20.6667,47.0000
2417,300,97,62,141,20.6667,47.0000
2418,297,94,65,138,21.8855,46.4646
2419,302,99,67,136,22.1854,45.0331
2420,301,98,67,136,22.2591,45.1827
2421,300,99,69,132,23.0000,44.0000
2422,299,96,71,132,23.7458,44.1472
2423,301,99,70,132,23.2558,43.8538
2424,299,97,69,133,23.0769,44.4816
2425,299,97,70,132,23.4114,44.1472
2426,299,100,65,134,21.7391,44.8161
2427,299,101,65,133,21.7391,44.4816
2428,299,103,65,131,21.7391,43.8127
2429,302,106,66,130,21.8543,43.0464
2430,302,104,68,130,22.5166,43.0464
2431,299,102,65,132,21.7391,44.1472
2432,298,103,62,133,20.8054,44.6309
2433,299,108,59,132,19.7324,44.1472
2434,303,109,61,133,20.1320,43.8944
2435,303,104,65,134,21.4521,44.2244
2436,302,101,68,133,22.5166,44.0397
2437,301,100,68,133,22.5914,44.1860
2438,301,98,67,136,22.2591,45.1827
2439,300,101,67,132,22.3333,44.0000
2440,300,105,62,133,20.6667,44.3333
2441,299,105,63,131,21.0702,43.8127
2442,298,104,65,129,21.8121,43.2886
2443,301,104,66,131,21.9269,43.5216
2444,300,105,64,131,21.3333,43.6667
2445,297,106,61,130,20.5387,43.7710
2446,298,111,61,126,20.4698,42.2819
2447,302,111,64,127,21.1921,42.0530
2448,302,106,69,127,22.8477,42.0530
2449,301,104,69,128,22.9236,42.5249
2450,301,103,72,126,23.9203,41.8605
2451,298,99,72,127,24.1611,42.6174
2452,300,104,70,126,23.3333,42.0000
2453,300,104,71,125,23.6667,41.6667
2454,299,101,73,125,24.4147,41.8060
2455,300,108,68,124,22.6667,41.3333
2456,300,107,70,123,23.3333,41.0000
2457,300,105,67,128,22.3333,42.6667
2458,300,102,71,127,23.6667,42.3333
2459,300,103,71,126,23.6667,42.0000
2460,299,102,69,128,23.0769,42.8094
2461,301,108,71,122,23.5880,40.5316
2462,301,107,69,125,22.9236,41.5282
2463,299,106,65,128,21.7391,42.8094
2464,299,107,66,126,22.0736,42.1405
2465,302,116,67,119,22.1854,39.4040
2466,300,117,67,116,22.3333,38.6667
2467,300,115,68,117,22.6667,39.0000
2468,298,113,66,119,22.1477,39.9329
2469,298,116,62,120,20.8054,40.2685
2470,301,119,62,120,20.5980,39.8671
2471,298,113,61,124,20.4698,41.6107
2472,300,119,59,122,19.6667,40.6667
2473,300,116,61,123,20.3333,41.0000
2474,300,117,58,125,19.3333,41.6667
2475,300,114,60,126,20.0000,42.0000
2476,299,116,58,125,19.3980,41.8060
2477,301,117,58,126,19.2691,41.8605
2478,300,120,56,124,18.6667,41.3333
2479,300,119,55,126,18.3333,42.0000
2480,300,121,53,126,17.6667,42.0000
2481,299,120,51,128,17.0569,42.8094
2482,302,121,53,128,17.5497,42.3841
2483,302,122,53,127,17.5497,42.0530
2484,302,121,55,126,18.2119,41.7219
2485,302,123,55,124,18.2119,41.0596
2486,302,124,55,123,18.2119,40.7285
2487,300,124,54,122,18.0000,40.6667
2488,300,122,53,125,17.6667,41.6667
2489,300,123,51,126,17.0000,42.0000
2490,300,124,49,127,16.3333,42.3333
2491,299,124,49,126,16.3880,42.1405
2492,300,127,50,123,16.6667,41.0000
2493,300,126,51,123,17.0000,41.0000
2494,299,125,51,123,17.0569,41.1371
2495,301,129,48,124,15.9468,41.1960
2496,300,128,48,124,16.0000,41.3333
2497,299,127,49,123,16.3880,41.1371
2498,301,130,48,123,15.9468,40.8638
2499,301,129,48,124,15.9468,41.1960
2500,301,129,48,124,15.9468,41.1960
2501,301,129,49,123,16.2791,40.8638
2502,300,129,47,124,15.6667,41.3333
2503,300,128,49,123,16.3333,41.0000
2504,299,127,47,125,15.7191,41.8060
2505,301,131,45,125,14.9502,41.5282
2506,301,129,48,124,15.9468,41.1960
2507,300,132,48,120,16.0000,40.0000
2508,300,131,48,121,16.0000,40.3333
2509,299,133,50,116,16.7224,38.7960
2510,302,138,48,116,15.8940,38.4106
2511,301,135,51,115,16.9435,38.2060
2512,301,135,53,113,17.6080,37.5415
2513,299,133,51,115,17.0569,38.4615
2514,302,137,52,113,17.2185,37.4172
2515,301,139,53,109,17.6080,36.2126
2516,300,137,53,110,17.6667,36.6667
2517,299,135,52,112,17.3913,37.4582
2518,298,132,55,111,18.4564,37.2483
2519,301,135,55,111,18.2724,36.8771
2520,301,136,57,108,18.9369,35.8804
2521,301,136,58,107,19.2691,35.5482
2522,301,135,59,107,19.6013,35.5482
2523,301,134,62,105,20.5980,34.8837
2524,300,134,60,106,20.0000,35.3333
2525,300,131,62,107,20.6667,35.6667
2526,299,134,63,102,21.0702,34.1137
2527,301,139,61,101,20.2658,33.5548
2528,301,138,61,102,20.2658,33.8870
2529,299,134,64,101,21.4047,33.7793
2530,299,134,65,100,21.7391,33.4448
2531,301,139,63,99,20.9302,32.8904
2532,301,140,59,102,19.6013,33.8870
2533,301,137,63,101,20.9302,33.5548
2534,301,133,65,103,21.5947,34.2193
2535,301,132,66,103,21.9269,34.2193
2536,300,132,67,101,22.3333,33.6667
2537,300,128,71,101,23.6667,33.6667
2538,300,125,72,103,24.0000,34.3333
2539,299,122,72,105,24.0803,35.1171
2540,301,123,73,105,24.2525,34.8837
2541,300,123,72,105,24.0000,35.0000
2542,300,121,76,103,25.3333,34.3333
2543,297,116,77,104,25.9259,35.0168
2544,298,117,79,102,26.5101,34.2282
2545,301,113,85,103,28.2392,34.2193
2546,300,107,90,103,30.0000,34.3333
2547,300,104,96,100,32.0000,33.3333
2548,299,102,96,101,32.1070,33.7793
2549,298,97,99,102,33.2215,34.2282
2550,300,100,96,104,32.0000,34.6667
2551,300,96,100,104,33.3333,34.6667
2552,299,91,105,103,35.1171,34.4482
2553,299,92,101,106,33.7793,35.4515
2554,300,93,101,106,33.6667,35.3333
2555,299,92,96,111,32.1070,37.1237
2556,299,94,97,108,32.4415,36.1204
2557,303,100,95,108,31.3531,35.6436
2558,303,97,93,113,30.6931,37.2937
2559,300,97,89,114,29.6667,38.0000
2560,300,95,90,115,30.0000,38.3333
2561,300,91,91,118,30.3333,39.3333
2562,299,88,91,120,30.4348,40.1338
2563,299,86,88,125,29.4314,41.8060
2564,298,89,86,123,28.8591,41.2752
2565,298,90,79,129,26.5101,43.2886
2566,300,94,74,132,24.6667,44.0000
2567,299,94,68,137,22.7425,45.8194
2568,296,94,65,137,21.9595,46.2838
2569,299,97,65,137,21.7391,45.8194
2570,302,95,63,144,20.8609,47.6821
2571,300,96,61,143,20.3333,47.6667
2572,299,95,58,146,19.3980,48.8294
2573,302,101,53,148,17.5497,49.0066
2574,302,100,53,149,17.5497,49.3377
2575,301,102,51,148,16.9435,49.1694
2576,301,102,48,151,15.9468,50.1661
2577,301,103,48,150,15.9468,49.8339
2578,300,99,51,150,17.0000,50.0000
2579,299,96,54,149,18.0602,49.8328
2580,298,96,55,147,18.4564,49.3289
2581,300,99,49,152,16.3333,50.6667
2582,299,98,49,152,16.3880,50.8361
2583,300,101,45,154,15.0000,51.3333
2584,299,104,43,152,14.3813,50.8361
2585,300,105,44,151,14.6667,50.3333
2586,300,107,44,149,14.6667,49.6667
2587,299,108,44,147,14.7157,49.1639
2588,303,114,43,146,14.1914,48.1848
2589,303,113,43,147,14.1914,48.5149
2590,302,112,44,146,14.5695,48.3444
2591,300,114,41,145,13.6667,48.3333
2592,299,112,44,143,14.7157,47.8261
2593,302,117,45,140,14.9007,46.3576
2594,301,118,45,138,14.9502,45.8472
2595,301,121,43,137,14.2857,45.5150
2596,301,122,42,137,13.9535,45.5150
2597,300,123,41,136,13.6667,45.3333
2598,299,124,38,137,12.7090,45.8194
2599,300,124,38,138,12.6667,46.0000
2600,300,124,37,139,12.3333,46.3333
2601,300,124,37,139,12.3333,46.3333
2602,299,125,38,136,12.7090,45.4849
2603,300,125,38,137,12.6667,45.6667
2604,299,124,38,137,12.7090,45.8194
2605,299,126,39,134,13.0435,44.8161
2606,300,129,38,133,12.6667,44.3333
2607,300,133,39,128,13.0000,42.6667
2608,299,133,39,127,13.0435,42.4749
2609,304,137,41,126,13.4868,41.4474
2610,303,140,41,122,13.5314,40.2640
2611,302,138,43,121,14.2384,40.0662
2612,301,139,42,120,13.9535,39.8671
2613,300,139,43,118,14.3333,39.3333
2614,300,142,42,116,14.0000,38.6667
2615,299,148,41,110,13.7124,36.7893
2616,302,148,44,110,14.5695,36.4238
2617,302,152,47,103,15.5629,34.1060
2618,302,151,53,98,17.5497,32.4503
2619,300,155,51,94,17.0000,31.3333
2620,300,155,51,94,17.0000,31.3333
2621,300,153,54,93,18.0000,31.0000
2622,300,152,60,88,20.0000,29.3333
2623,299,147,62,90,20.7358,30.1003
2624,300,148,65,87,21.6667,29.0000
2625,300,145,69,86,23.0000,28.6667
2626,299,144,71,84,23.7458,28.0936
2627,302,145,74,83,24.5033,27.4834
2628,300,145,76,79,25.3333,26.3333
2629,300,139,82,79,27.3333,26.3333
2630,299,133,85,81,28.4281,27.0903
2631,302,133,84,85,27.8146,28.1457
2632,302,129,88,85,29.1391,28.1457
2633,299,130,89,80,29.7659,26.7559
2634,305,134,91,80,29.8361,26.2295
2635,305,134,95,76,31.1475,24.9180
2636,305,133,98,74,32.1311,24.2623
2637,305,128,100,77,32.7869,25.2459
2638,304,125,100,79,32.8947,25.9868
2639,302,122,99,81,32.7815,26.8212
2640,302,119,102,81,33.7748,26.8212
2641,302,120,101,81,33.4437,26.8212
2642,301,121,95,85,31.5615,28.2392
2643,300,122,91,87,30.3333,29.0000
2644,297,115,90,92,30.3030,30.9764
2645,300,116,87,97,29.0000,32.3333
2646,300,112,86,102,28.6667,34.0000
2647,300,110,86,104,28.6667,34.6667
2648,299,104,90,105,30.1003,35.1171
2649,298,103,86,109,28.8591,36.5772
2650,297,105,81,111,27.2727,37.3737
2651,300,108,79,113,26.3333,37.6667
2652,297,109,74,114,24.9158,38.3838
2653,294,110,72,112,24.4898,38.0952
2654,295,112,67,116,22.7119,39.3220
2655,294,114,65,115,22.1088,39.1156
2656,294,111,66,117,22.4490,39.7959
2657,296,112,66,118,22.2973,39.8649
2658,298,112,66,120,22.1477,40.2685
2659,297,115,61,121,20.5387,40.7407
2660,301,112,66,123,21.9269,40.8638
2661,301,109,66,126,21.9269,41.8605
2662,301,107,69,125,22.9236,41.5282
2663,300,104,71,125,23.6667,41.6667
2664,299,104,69,126,23.0769,42.1405
2665,299,105,66,128,22.0736,42.8094
2666,298,107,61,130,20.4698,43.6242
2667,300,106,62,132,20.6667,44.0000
2668,298,103,60,135,20.1342,45.3020
2669,298,101,59,138,19.7987,46.3087
2670,299,99,61,139,20.4013,46.4883
2671,299,98,64,137,21.4047,45.8194
2672,300,98,65,137,21.6667,45.6667
2673,300,88,75,137,25.0000,45.6667
2674,299,86,76,137,25.4181,45.8194
2675,303,92,76,135,25.0825,44.5545
2676,301,89,76,136,25.2492,45.1827
2677,299,91,75,133,25.0836,44.4816
2678,299,92,72,135,24.0803,45.1505
2679,297,87,75,135,25.2525,45.4545
2680,298,86,74,138,24.8322,46.3087
2681,297,88,68,141,22.8956,47.4747
2682,302,92,70,140,23.1788,46.3576
2683,300,95,66,139,22.0000,46.3333
2684,300,93,68,139,22.6667,46.3333
2685,300,91,70,139,23.3333,46.3333
2686,299,91,71,137,23.7458,45.8194
2687,299,89,72,138,24.0803,46.1538
2688,301,92,67,142,22.2591,47.1761
2689,301,91,69,141,22.9236,46.8439
2690,299,91,67,141,22.4080,47.1572
2691,300,94,67,139,22.3333,46.3333
2692,299,91,67,141,22.4080,47.1572
2693,300,91,65,144,21.6667,48.0000
2694,298,92,60,146,20.1342,48.9933
2695,300,96,61,143,20.3333,47.6667
2696,300,97,63,140,21.0000,46.6667
2697,300,100,62,138,20.6667,46.0000
2698,300,103,63,134,21.0000,44.6667
2699,298,104,61,133,20.4698,44.6309
2700,299,105,62,132,20.7358,44.1472
2701,300,107,63,130,21.0000,43.3333
2702,300,111,62,127,20.6667,42.3333
2703,300,111,65,124,21.6667,41.3333
2704,298,113,64,121,21.4765,40.6040
2705,306,118,65,123,21.2418,40.1961
2706,306,118,65,123,21.2418,40.1961
2707,305,111,72,122,23.6066,40.0000
2708,305,110,74,121,24.2623,39.6721
2709,304,107,78,119,25.6579,39.1447
2710,303,109,73,121,24.0924,39.9340
2711,302,106,76,120,25.1656,39.7351
2712,301,101,79,121,26.2458,40.1993
2713,301,103,78,120,25.9136,39.8671
2714,297,102,73,122,24.5791,41.0774
2715,297,102,73,122,24.5791,41.0774
2716,297,103,74,120,24.9158,40.4040
2717,299,105,74,120,24.7492,40.1338
2718,299,107,75,117,25.0836,39.1304
2719,298,106,74,118,24.8322,39.5973
2720,302,111,74,117,24.5033,38.7417
2721,301,114,71,116,23.5880,38.5382
2722,300,112,70,118,23.3333,39.3333
2723,299,108,73,118,24.4147,39.4649
2724,301,106,74,121,24.5847,40.1993
2725,301,102,77,122,25.5814,40.5316
2726,298,99,77,122,25.8389,40.9396
2727,299,97,77,125,25.7525,41.8060
2728,304,100,75,129,24.6711,42.4342
2729,302,95,74,133,24.5033,44.0397
2730,301,92,77,132,25.5814,43.8538
2731,301,90,75,136,24.9169,45.1827
2732,299,91,73,135,24.4147,45.1505
2733,299,92,73,134,24.4147,44.8161
2734,300,93,73,134,24.3333,44.6667
2735,300,95,72,133,24.0000,44.3333
2736,300,94,73,133,24.3333,44.3333
2737,299,93,69,137,23.0769,45.8194
2738,301,91,71,139,23.5880,46.1794
2739,300,92,70,138,23.3333,46.0000
2740,298,92,72,134,24.1611,44.9664
2741,299,94,74,131,24.7492,43.8127
2742,302,98,74,130,24.5033,43.0464
2743,302,95,76,131,25.1656,43.3775
2744,302,97,71,134,23.5099,44.3709
2745,302,99,69,134,22.8477,44.3709
2746,299,105,65,129,21.7391,43.1438
2747,303,107,67,129,22.1122,42.5743
2748,301,108,64,129,21.2625,42.8571
2749,300,108,59,133,19.6667,44.3333
2750,299,110,53,136,17.7258,45.4849
2751,303,115,53,135,17.4917,44.5545
2752,303,113,55,135,18.1518,44.5545
2753,300,115,48,137,16.0000,45.6667
2754,300,112,52,136,17.3333,45.3333
2755,299,109,54,136,18.0602,45.4849
2756,300,107,55,138,18.3333,46.0000
2757,300,105,57,138,19.0000,46.0000
2758,300,109,54,137,18.0000,45.6667
2759,300,105,57,138,19.0000,46.0000
2760,300,106,57,137,19.0000,45.6667
2761,297,104,52,141,17.5084,47.4747
2762,299,110,53,136,17.7258,45.4849
2763,300,104,59,137,19.6667,45.6667
2764,297,104,58,135,19.5286,45.4545
2765,299,111,55,133,18.3946,44.4816
2766,300,113,55,132,18.3333,44.0000
2767,300,111,57,132,19.0000,44.0000
2768,300,106,60,134,20.0000,44.6667
2769,300,106,62,132,20.6667,44.0000
2770,299,103,64,132,21.4047,44.1472
2771,305,108,67,130,21.9672,42.6230
2772,304,105,68,131,22.3684,43.0921
2773,304,105,70,129,23.0263,42.4342
2774,304,108,68,128,22.3684,42.1053
2775,303,104,67,132,22.1122,43.5644
2776,302,105,65,132,21.5232,43.7086
2777,301,104,64,133,21.2625,44.1860
2778,301,102,67,132,22.2591,43.8538
2779,299,105,63,131,21.0702,43.8127
2780,301,110,66,125,21.9269,41.5282
2781,301,113,67,121,22.2591,40.1993
2782,301,111,70,120,23.2558,39.8671
2783,299,109,71,119,23.7458,39.7993
2784,299,111,69,119,23.0769,39.7993
2785,300,111,71,118,23.6667,39.3333
2786,300,106,77,117,25.6667,39.0000
2787,298,107,75,116,25.1678,38.9262
2788,299,105,75,119,25.0836,39.7993
2789,298,107,75,116,25.1678,38.9262
2790,300,106,78,116,26.0000,38.6667
2791,300,105,76,119,25.3333,39.6667
2792,299,102,76,121,25.4181,40.4682
2793,300,101,72,127,24.0000,42.3333
2794,300,103,72,125,24.0000,41.6667
2795,300,101,73,126,24.3333,42.0000
2796,300,104,73,123,24.3333,41.0000
2797,299,107,73,119,24.4147,39.7993
2798,300,106,76,118,25.3333,39.3333
2799,300,105,73,122,24.3333,40.6667
2800,300,105,75,120,25.0000,40.0000
2801,299,107,75,117,25.0836,39.1304
2802,300,109,77,114,25.6667,38.0000
2803,300,109,76,115,25.3333,38.3333
2804,298,108,71,119,23.8255,39.9329
2805,301,113,71,117,23.5880,38.8704
2806,298,109,69,120,23.1544,40.2685
2807,299,108,69,122,23.0769,40.8027
2808,298,110,69,119,23.1544,39.9329
2809,301,113,65,123,21.5947,40.8638
2810,300,108,70,122,23.3333,40.6667
2811,300,108,69,123,23.0000,41.0000
2812,300,105,72,123,24.0000,41.0000
2813,297,107,68,122,22.8956,41.0774
2814,299,108,69,122,23.0769,40.8027
2815,302,110,68,124,22.5166,41.0596
2816,302,110,67,125,22.1854,41.3907
2817,302,107,69,126,22.8477,41.7219
2818,302,105,68,129,22.5166,42.7152
2819,301,104,66,131,21.9269,43.5216
2820,301,106,66,129,21.9269,42.8571
2821,299,107,62,130,20.7358,43.4783
2822,299,108,57,134,19.0635,44.8161
2823,297,107,57,133,19.1919,44.7811
2824,298,111,56,131,18.7919,43.9597
2825,300,110,59,131,19.6667,43.6667
2826,300,110,58,132,19.3333,44.0000
2827,299,113,53,133,17.7258,44.4816
2828,307,123,51,133,16.6124,43.3225
2829,307,122,53,132,17.2638,42.9967
2830,304,117,52,135,17.1053,44.4079
2831,303,115,54,134,17.8218,44.2244
2832,303,111,55,137,18.1518,45.2145
2833,303,112,51,140,16.8317,46.2046
2834,303,111,52,140,17.1617,46.2046
2835,300,111,50,139,16.6667,46.3333
2836,299,109,54,136,18.0602,45.4849
2837,301,111,56,134,18.6047,44.5183
2838,300,107,56,137,18.6667,45.6667
2839,299,108,53,138,17.7258,46.1538
2840,303,112,55,136,18.1518,44.8845
2841,302,108,60,134,19.8675,44.3709
2842,302,108,62,132,20.5298,43.7086
2843,302,110,62,130,20.5298,43.0464
2844,301,107,66,128,21.9269,42.5249
2845,300,112,65,123,21.6667,41.0000
2846,299,111,62,126,20.7358,42.1405
2847,302,117,62,123,20.5298,40.7285
2848,302,114,67,121,22.1854,40.0662
2849,300,112,66,122,22.0000,40.6667
2850,299,113,62,124,20.7358,41.4716
2851,300,117,60,123,20.0000,41.0000
2852,297,116,57,124,19.1919,41.7508
2853,299,121,57,121,19.0635,40.4682
2854,301,124,58,119,19.2691,39.5349
2855,300,125,56,119,18.6667,39.6667
2856,300,129,54,117,18.0000,39.0000
2857,300,132,51,117,17.0000,39.0000
2858,300,133,52,115,17.3333,38.3333
2859,297,126,58,113,19.5286,38.0471
2860,300,128,57,115,19.0000,38.3333
2861,299,131,56,112,18.7291,37.4582
2862,299,134,53,112,17.7258,37.4582
2863,302,136,54,112,17.8808,37.0861
2864,301,134,51,116,16.9435,38.5382
2865,300,135,51,114,17.0000,38.0000
2866,300,135,51,114,17.0000,38.0000
2867,300,135,55,110,18.3333,36.6667
2868,300,134,55,111,18.3333,37.0000
2869,299,131,55,113,18.3946,37.7926
2870,299,137,53,109,17.7258,36.4548
2871,302,138,56,108,18.5430,35.7616
2872,302,133,58,111,19.2053,36.7550
2873,302,132,61,109,20.1987,36.0927
2874,301,135,61,105,20.2658,34.8837
2875,300,133,61,106,20.3333,35.3333
2876,300,131,63,106,21.0000,35.3333
2877,300,131,63,106,21.0000,35.3333
2878,300,131,65,104,21.6667,34.6667
2879,296,130,64,102,21.6216,34.4595
2880,298,133,61,104,20.4698,34.8993
2881,299,135,60,104,20.0669,34.7826
2882,301,140,61,100,20.2658,33.2226
2883,300,137,62,101,20.6667,33.6667
2884,300,134,66,100,22.0000,33.3333
2885,299,137,63,99,21.0702,33.1104
2886,302,140,63,99,20.8609,32.7815
2887,302,139,65,98,21.5232,32.4503
2888,301,136,62,103,20.5980,34.2193
2889,301,135,60,106,19.9336,35.2159
2890,300,136,60,104,20.0000,34.6667
2891,300,136,61,103,20.3333,34.3333
2892,299,136,58,105,19.3980,35.1171
2893,299,133,55,111,18.3946,37.1237
2894,303,131,58,114,19.1419,37.6238
2895,303,130,59,114,19.4719,37.6238
2896,303,125,62,116,20.4620,38.2838
2897,301,122,64,115,21.2625,38.2060
2898,301,123,63,115,20.9302,38.2060
2899,301,119,64,118,21.2625,39.2027
2900,300,116,63,121,21.0000,40.3333
2901,300,114,66,120,22.0000,40.0000
2902,300,115,67,118,22.3333,39.3333
2903,299,117,67,115,22.4080,38.4615
2904,300,116,67,117,22.3333,39.0000
2905,299,117,62,120,20.7358,40.1338
2906,300,116,63,121,21.0000,40.3333
2907,297,114,64,119,21.5488,40.0673
2908,299,118,64,117,21.4047,39.1304
2909,299,119,65,115,21.7391,38.4615
2910,302,122,65,115,21.5232,38.0795
2911,301,118,69,114,22.9236,37.8738
2912,300,118,68,114,22.6667,38.0000
2913,299,115,71,113,23.7458,37.7926
2914,301,116,70,115,23.2558,38.2060
2915,300,116,68,116,22.6667,38.6667
2916,300,121,64,115,21.3333,38.3333
2917,300,119,63,118,21.0000,39.3333
2918,298,116,62,120,20.8054,40.2685
2919,302,119,63,120,20.8609,39.7351
2920,302,121,60,121,19.8675,40.0662
2921,302,120,61,121,20.1987,40.0662
2922,302,120,57,125,18.8742,41.3907
2923,301,118,58,125,19.2691,41.5282
2924,301,119,57,125,18.9369,41.5282
2925,300,116,59,125,19.6667,41.6667
2926,300,115,61,124,20.3333,41.3333
2927,299,116,56,127,18.7291,42.4749
2928,300,117,57,126,19.0000,42.0000
2929,300,116,57,127,19.0000,42.3333
2930,300,116,56,128,18.6667,42.6667
2931,299,115,54,130,18.0602,43.4783
2932,301,122,54,125,17.9402,41.5282
2933,299,119,52,128,17.3913,42.8094
2934,301,119,53,129,17.6080,42.8571
2935,301,118,52,131,17.2757,43.5216
2936,301,120,52,129,17.2757,42.8571
2937,300,121,53,126,17.6667,42.0000
2938,300,119,52,129,17.3333,43.0000
2939,300,118,52,130,17.3333,43.3333
2940,299,119,53,127,17.7258,42.4749
2941,300,122,53,125,17.6667,41.6667
2942,300,117,56,127,18.6667,42.3333
2943,300,117,56,127,18.6667,42.3333
2944,298,117,56,125,18.7919,41.9463
2945,302,125,56,121,18.5430,40.0662
2946,302,123,57,122,18.8742,40.3974
2947,302,120,61,121,20.1987,40.0662
2948,300,117,64,119,21.3333,39.6667
2949,300,111,68,121,22.6667,40.3333
2950,299,110,71,118,23.7458,39.4649
2951,299,112,70,117,23.4114,39.1304
2952,301,117,69,115,22.9236,38.2060
2953,301,116,69,116,22.9236,38.5382
2954,300,114,66,120,22.0000,40.0000
2955,299,110,69,120,23.0769,40.1338
2956,300,115,68,117,22.6667,39.0000
2957,300,116,70,114,23.3333,38.0000
2958,298,116,68,114,22.8188,38.2550
2959,299,113,72,114,24.0803,38.1271
2960,298,110,72,116,24.1611,38.9262
2961,298,108,75,115,25.1678,38.5906
2962,299,105,75,119,25.0836,39.7993
2963,299,104,75,120,25.0836,40.1338
2964,301,104,75,122,24.9169,40.5316
2965,301,103,76,122,25.2492,40.5316
2966,299,103,76,120,25.4181,40.1338
2967,301,103,78,120,25.9136,39.8671
2968,299,105,73,121,24.4147,40.4682
2969,298,107,69,122,23.1544,40.9396
2970,300,110,71,119,23.6667,39.6667
2971,298,107,69,122,23.1544,40.9396
2972,300,107,74,119,24.6667,39.6667
2973,300,105,80,115,26.6667,38.3333
2974,300,103,82,115,27.3333,38.3333
2975,298,103,78,117,26.1745,39.2617
2976,299,105,79,115,26.4214,38.4615
2977,300,103,81,116,27.0000,38.6667
2978,300,99,84,117,28.0000,39.0000
2979,299,96,87,116,29.0970,38.7960
2980,300,94,85,121,28.3333,40.3333
2981,298,93,85,120,28.5235,40.2685
2982,299,93,86,120,28.7625,40.1338
2983,298,97,79,122,26.5101,40.9396
2984,297,96,77,124,25.9259,41.7508
2985,301,103,76,122,25.2492,40.5316
2986,298,103,73,122,24.4966,40.9396
2987,298,101,77,120,25.8389,40.2685
2988,299,100,76,123,25.4181,41.1371
2989,302,99,79,124,26.1589,41.0596
2990,301,99,79,123,26.2458,40.8638
2991,299,99,79,121,26.4214,40.4682
2992,302,99,81,122,26.8212,40.3974
2993,301,95,79,127,26.2458,42.1927
2994,298,97,73,128,24.4966,42.9530
2995,299,100,70,129,23.4114,43.1438
2996,302,102,71,129,23.5099,42.7152
2997,301,99,75,127,24.9169,42.1927
2998,300,103,68,129,22.6667,43.0000
2999,299,102,67,130,22.4080,43.4783
3000,296,101,63,132,21.2838,44.5946
3001,298,103,60,135,20.1342,45.3020
3002,298,100,61,137,20.4698,45.9732
3003,300,102,60,138,20.0000,46.0000
3004,300,101,63,136,21.0000,45.3333
3005,300,101,63,136,21.0000,45.3333
3006,299,103,65,131,21.7391,43.8127
3007,300,101,67,132,22.3333,44.0000
3008,296,96,66,134,22.2973,45.2703
3009,299,97,65,137,21.7391,45.8194
3010,296,97,61,138,20.6081,46.6216
3011,296,96,63,137,21.2838,46.2838
3012,299,97,67,135,22.4080,45.1505
3013,299,95,66,138,22.0736,46.1538
3014,298,94,69,135,23.1544,45.3020
3015,300,94,72,134,24.0000,44.6667
3016,299,94,74,131,24.7492,43.8127
3017,301,96,70,135,23.2558,44.8505
3018,301,90,76,135,25.2492,44.8505
3019,301,87,81,133,26.9103,44.1860
3020,300,89,83,128,27.6667,42.6667
3021,300,90,86,124,28.6667,41.3333
3022,298,87,84,127,28.1879,42.6174
3023,300,90,86,124,28.6667,41.3333
3024,300,89,84,127,28.0000,42.3333
3025,300,88,83,129,27.6667,43.0000
3026,300,90,84,126,28.0000,42.0000
3027,299,91,79,129,26.4214,43.1438
3028,299,93,75,131,25.0836,43.8127
3029,299,97,70,132,23.4114,44.1472
3030,301,99,69,133,22.9236,44.1860
3031,298,100,68,130,22.8188,43.6242
3032,301,106,69,126,22.9236,41.8605
3033,299,105,65,129,21.7391,43.1438
3034,302,108,62,132,20.5298,43.7086
3035,302,113,59,130,19.5364,43.0464
3036,300,111,62,127,20.6667,42.3333
3037,299,111,59,129,19.7324,43.1438
3038,299,111,59,129,19.7324,43.1438
3039,302,117,50,135,16.5563,44.7020
3040,299,117,48,134,16.0535,44.8161
3041,302,117,50,135,16.5563,44.7020
3042,302,119,46,137,15.2318,45.3642
3043,302,117,46,139,15.2318,46.0265
3044,302,118,47,137,15.5629,45.3642
3045,302,121,48,133,15.8940,44.0397
3046,302,120,52,130,17.2185,43.0464
3047,302,120,51,131,16.8874,43.3775
3048,302,120,52,130,17.2185,43.0464
3049,302,116,55,131,18.2119,43.3775
3050,302,117,60,125,19.8675,41.3907
3051,302,115,61,126,20.1987,41.7219
3052,301,116,61,124,20.2658,41.1960
3053,299,116,63,120,21.0702,40.1338
3054,299,119,60,120,20.0669,40.1338
3055,304,127,58,119,19.0789,39.1447
3056,304,124,59,121,19.4079,39.8026
3057,302,123,58,121,19.2053,40.0662
3058,302,122,57,123,18.8742,40.7285
3059,302,122,58,122,19.2053,40.3974
3060,302,122,59,121,19.5364,40.0662
3061,301,125,56,120,18.6047,39.8671
3062,301,120,61,120,20.2658,39.8671
3063,300,117,63,120,21.0000,40.0000
3064,299,116,61,122,20.4013,40.8027
3065,299,116,63,120,21.0702,40.1338
3066,297,118,59,120,19.8653,40.4040
3067,298,118,58,122,19.4631,40.9396
3068,302,121,59,122,19.5364,40.3974
3069,302,125,59,118,19.5364,39.0728
3070,301,122,59,120,19.6013,39.8671
3071,299,122,56,121,18.7291,40.4682
3072,298,120,57,121,19.1275,40.6040
3073,300,122,55,123,18.3333,41.0000
3074,298,122,53,123,17.7852,41.2752
3075,299,122,54,123,18.0602,41.1371
3076,302,124,58,120,19.2053,39.7351
3077,301,123,58,120,19.2691,39.8671
3078,301,122,58,121,19.2691,40.1993
3079,299,123,61,115,20.4013,38.4615
3080,299,124,63,112,21.0702,37.4582
3081,299,127,61,111,20.4013,37.1237
3082,299,126,62,111,20.7358,37.1237
3083,301,127,60,114,19.9336,37.8738
3084,301,124,60,117,19.9336,38.8704
3085,300,123,63,114,21.0000,38.0000
3086,300,126,62,112,20.6667,37.3333
3087,298,130,61,107,20.4698,35.9060
3088,298,125,64,109,21.4765,36.5772
3089,298,129,64,105,21.4765,35.2349
3090,302,129,67,106,22.1854,35.0993
3091,301,137,63,101,20.9302,33.5548
3092,301,133,66,102,21.9269,33.8870
3093,300,133,66,101,22.0000,33.6667
3094,300,134,68,98,22.6667,32.6667
3095,300,133,70,97,23.3333,32.3333
3096,299,128,73,98,24.4147,32.7759
3097,299,127,71,101,23.7458,33.7793
3098,302,131,69,102,22.8477,33.7748
3099,302,129,71,102,23.5099,33.7748
3100,299,127,70,102,23.4114,34.1137
3101,300,125,71,104,23.6667,34.6667
3102,299,121,73,105,24.4147,35.1171
3103,301,122,75,104,24.9169,34.5515
3104,300,120,76,104,25.3333,34.6667
3105,296,114,76,106,25.6757,35.8108
3106,298,116,74,108,24.8322,36.2416
3107,301,115,80,106,26.5781,35.2159
3108,301,114,80,107,26.5781,35.5482
3109,301,108,83,110,27.5748,36.5449
3110,301,106,84,111,27.9070,36.8771
3111,300,104,84,112,28.0000,37.3333
3112,299,103,84,112,28.0936,37.4582
3113,300,103,85,112,28.3333,37.3333
3114,299,103,83,113,27.7592,37.7926
3115,301,102,83,116,27.5748,38.5382
3116,300,100,86,114,28.6667,38.0000
3117,300,96,83,121,27.6667,40.3333
3118,299,94,87,118,29.0970,39.4649
3119,298,94,87,117,29.1946,39.2617
3120,296,89,88,119,29.7297,40.2027
3121,297,88,89,120,29.9663,40.4040
3122,295,88,88,119,29.8305,40.3390
3123,294,86,90,118,30.6122,40.1361
3124,295,83,92,120,31.1864,40.6780
3125,295,88,86,121,29.1525,41.0169
3126,297,88,87,122,29.2929,41.0774
3127,297,88,84,125,28.2828,42.0875
3128,299,86,84,129,28.0936,43.1438
3129,301,87,82,132,27.2425,43.8538
3130,301,86,80,135,26.5781,44.8505
3131,301,83,79,139,26.2458,46.1794
3132,301,79,82,140,27.2425,46.5116
3133,301,78,81,142,26.9103,47.1761
3134,301,77,81,143,26.9103,47.5083
3135,300,79,78,143,26.0000,47.6667
3136,299,81,78,140,26.0870,46.8227
3137,299,83,73,143,24.4147,47.8261
3138,299,83,71,145,23.7458,48.4950
3139,300,78,76,146,25.3333,48.6667
3140,298,74,77,147,25.8389,49.3289
3141,296,75,71,150,23.9865,50.6757
3142,301,79,68,154,22.5914,51.1628
3143,301,80,68,153,22.5914,50.8306
3144,300,83,65,152,21.6667,50.6667
3145,298,83,62,153,20.8054,51.3423
3146,301,85,63,153,20.9302,50.8306
3147,301,79,67,155,22.2591,51.4950
3148,300,80,65,155,21.6667,51.6667
3149,299,80,63,156,21.0702,52.1739
3150,298,80,63,155,21.1409,52.0134
3151,298,83,61,154,20.4698,51.6779
3152,299,83,61,155,20.4013,51.8395
3153,302,87,59,156,19.5364,51.6556
3154,302,88,56,158,18.5430,52.3179
3155,302,89,55,158,18.2119,52.3179
3156,302,89,53,160,17.5497,52.9801
3157,302,87,57,158,18.8742,52.3179
3158,302,90,56,156,18.5430,51.6556
3159,302,86,53,163,17.5497,53.9735
3160,300,86,51,163,17.0000,54.3333
3161,300,88,51,161,17.0000,53.6667
3162,299,92,49,158,16.3880,52.8428
3163,299,95,47,157,15.7191,52.5084
3164,301,96,48,157,15.9468,52.1595
3165,301,98,49,154,16.2791,51.1628
3166,301,98,49,154,16.2791,51.1628
3167,300,99,47,154,15.6667,51.3333
3168,299,98,45,156,15.0502,52.1739
3169,298,105,41,152,13.7584,51.0067
3170,302,110,39,153,12.9139,50.6623
3171,302,110,37,155,12.2517,51.3245
3172,302,112,36,154,11.9205,50.9934
3173,302,114,33,155,10.9272,51.3245
3174,302,117,33,152,10.9272,50.3311
3175,301,117,34,150,11.2957,49.8339
3176,301,115,38,148,12.6246,49.1694
3177,300,114,41,145,13.6667,48.3333
3178,300,116,39,145,13.0000,48.3333
3179,298,117,39,142,13.0872,47.6510
3180,298,124,36,138,12.0805,46.3087
3181,298,128,33,137,11.0738,45.9732
3182,301,135,33,133,10.9635,44.1860
3183,301,139,34,128,11.2957,42.5249
3184,300,140,32,128,10.6667,42.6667
3185,300,144,32,124,10.6667,41.3333
3186,300,145,33,122,11.0000,40.6667
3187,300,146,31,123,10.3333,41.0000
3188,299,143,34,122,11.3712,40.8027
3189,300,147,33,120,11.0000,40.0000
3190,300,146,38,116,12.6667,38.6667
3191,300,143,42,115,14.0000,38.3333
3192,300,140,47,113,15.6667,37.6667
3193,299,139,51,109,17.0569,36.4548
3194,301,143,55,103,18.2724,34.2193
3195,300,142,58,100,19.3333,33.3333
3196,300,144,54,102,18.0000,34.0000
3197,299,142,54,103,18.0602,34.4482
3198,301,144,53,104,17.6080,34.5515
3199,301,144,54,103,17.9402,34.2193
3200,300,142,56,102,18.6667,34.0000
3201,300,146,57,97,19.0000,32.3333
3202,300,142,62,96,20.6667,32.0000
3203,300,139,66,95,22.0000,31.6667
3204,300,139,67,94,22.3333,31.3333
3205,300,142,68,90,22.6667,30.0000
3206,300,143,69,88,23.0000,29.3333
3207,300,141,71,88,23.6667,29.3333
3208,300,139,73,88,24.3333,29.3333
3209,299,139,71,89,23.7458,29.7659
3210,298,139,72,87,24.1611,29.1946
3211,300,145,70,85,23.3333,28.3333
3212,294,145,65,84,22.1088,28.5714
3213,293,145,65,83,22.1843,28.3276
3214,292,146,61,85,20.8904,29.1096
3215,294,147,59,88,20.0680,29.9320
3216,298,146,64,88,21.4765,29.5302
3217,302,146,66,90,21.8543,29.8013
3218,302,145,68,89,22.5166,29.4702
3219,301,146,68,87,22.5914,28.9037
3220,300,141,71,88,23.6667,29.3333
3221,300,138,76,86,25.3333,28.6667
3222,298,137,75,86,25.1678,28.8591
3223,297,138,73,86,24.5791,28.9562
3224,298,140,72,86,24.1611,28.8591
3225,300,142,75,83,25.0000,27.6667
3226,300,141,74,85,24.6667,28.3333
3227,299,140,73,86,24.4147,28.7625
3228,299,136,72,91,24.0803,30.4348
3229,299,132,75,92,25.0836,30.7692
3230,301,136,76,89,25.2492,29.5681
3231,298,131,75,92,25.1678,30.8725
3232,300,128,80,92,26.6667,30.6667
3233,300,128,80,92,26.6667,30.6667
3234,300,124,83,93,27.6667,31.0000
3235,300,118,88,94,29.3333,31.3333
3236,299,119,86,94,28.7625,31.4381
3237,297,117,81,99,27.2727,33.3333
3238,297,116,80,101,26.9360,34.0067
3239,299,116,84,99,28.0936,33.1104
3240,301,115,84,102,27.9070,33.8870
3241,298,113,80,105,26.8456,35.2349
3242,300,112,80,108,26.6667,36.0000
3243,300,107,82,111,27.3333,37.0000
3244,300,101,85,114,28.3333,38.0000
3245,299,93,91,115,30.4348,38.4615
3246,301,94,88,119,29.2359,39.5349
3247,301,88,93,120,30.8970,39.8671
3248,299,92,91,116,30.4348,38.7960
3249,301,93,93,115,30.8970,38.2060
3250,299,93,89,117,29.7659,39.1304
3251,305,96,91,118,29.8361,38.6885
3252,304,95,87,122,28.6184,40.1316
3253,303,93,85,125,28.0528,41.2541
3254,303,91,81,131,26.7327,43.2343
3255,302,88,82,132,27.1523,43.7086
3256,301,84,84,133,27.9070,44.1860
3257,299,81,84,134,28.0936,44.8161
3258,302,79,89,134,29.4702,44.3709
3259,299,80,84,135,28.0936,45.1505
3260,299,81,83,135,27.7592,45.1505
3261,301,85,79,137,26.2458,45.5150
3262,301,82,79,140,26.2458,46.5116
3263,300,85,74,141,24.6667,47.0000
3264,300,85,72,143,24.0000,47.6667
3265,300,85,68,147,22.6667,49.0000
3266,295,86,64,145,21.6949,49.1525
3267,298,92,61,145,20.4698,48.6577
3268,300,94,61,145,20.3333,48.3333
3269,300,93,61,146,20.3333,48.6667
3270,299,93,60,146,20.0669,48.8294
3271,301,96,56,149,18.6047,49.5017
3272,300,99,55,146,18.3333,48.6667
3273,300,99,53,148,17.6667,49.3333
3274,299,98,54,147,18.0602,49.1639
3275,302,103,53,146,17.5497,48.3444
3276,301,100,49,152,16.2791,50.4983
3277,301,98,51,152,16.9435,50.4983
3278,298,97,48,153,16.1074,51.3423
3279,298,98,45,155,15.1007,52.0134
3280,300,105,45,150,15.0000,50.0000
3281,300,104,45,151,15.0000,50.3333
3282,300,101,47,152,15.6667,50.6667
3283,299,103,45,151,15.0502,50.5017
3284,303,107,44,152,14.5215,50.1650
3285,303,110,44,149,14.5215,49.1749
3286,303,111,42,150,13.8614,49.5050
3287,303,111,41,151,13.5314,49.8350
3288,303,113,39,151,12.8713,49.8350
3289,302,117,39,146,12.9139,48.3444
3290,301,118,37,146,12.2924,48.5050
3291,301,119,36,146,11.9601,48.5050
3292,301,121,37,143,12.2924,47.5083
3293,300,124,38,138,12.6667,46.0000
3294,300,126,37,137,12.3333,45.6667
3295,298,129,35,134,11.7450,44.9664
3296,296,131,34,131,11.4865,44.2568
3297,297,131,34,132,11.4478,44.4444
3298,297,134,32,131,10.7744,44.1077
3299,301,138,31,132,10.2990,43.8538
3300,300,137,29,134,9.6667,44.6667
3301,300,136,31,133,10.3333,44.3333
3302,300,137,32,131,10.6667,43.6667
3303,300,140,28,132,9.3333,44.0000
3304,300,143,29,128,9.6667,42.6667
3305,300,143,32,125,10.6667,41.6667
3306,300,147,34,119,11.3333,39.6667
3307,300,148,33,119,11.0000,39.6667
3308,300,147,36,117,12.0000,39.0000
3309,299,147,36,116,12.0401,38.7960
3310,300,148,36,116,12.0000,38.6667
3311,300,152,36,112,12.0000,37.3333
3312,300,151,39,110,13.0000,36.6667
3313,300,151,40,109,13.3333,36.3333
3314,300,151,41,108,13.6667,36.0000
3315,300,155,43,102,14.3333,34.0000
3316,299,158,42,99,14.0468,33.1104
3317,302,162,44,96,14.5695,31.7881
3318,302,161,46,95,15.2318,31.4570
3319,301,164,46,91,15.2824,30.2326
3320,300,164,46,90,15.3333,30.0000
3321,300,164,47,89,15.6667,29.6667
3322,299,165,46,88,15.3846,29.4314
3323,300,169,44,87,14.6667,29.0000
3324,300,164,49,87,16.3333,29.0000
3325,300,168,48,84,16.0000,28.0000
3326,298,166,44,88,14.7651,29.5302
3327,303,169,47,87,15.5116,28.7129
3328,302,174,49,79,16.2252,26.1589
3329,302,172,50,80,16.5563,26.4901
3330,301,175,48,78,15.9468,25.9136
3331,301,176,49,76,16.2791,25.2492
3332,300,170,52,78,17.3333,26.0000
3333,299,166,56,77,18.7291,25.7525
3334,300,166,57,77,19.0000,25.6667
3335,299,163,58,78,19.3980,26.0870
3336,301,161,62,78,20.5980,25.9136
3337,301,157,67,77,22.2591,25.5814
3338,300,158,63,79,21.0000,26.3333
3339,300,152,69,79,23.0000,26.3333
3340,299,148,74,77,24.7492,25.7525
3341,302,144,80,78,26.4901,25.8278
3342,301,141,83,77,27.5748,25.5814
3343,300,130,94,76,31.3333,25.3333
3344,300,126,97,77,32.3333,25.6667
3345,298,120,97,81,32.5503,27.1812
3346,298,113,107,78,35.9060,26.1745
3347,301,110,113,78,37.5415,25.9136
3348,298,103,117,78,39.2617,26.1745
3349,299,103,116,80,38.7960,26.7559
3350,302,102,121,79,40.0662,26.1589
3351,302,97,126,79,41.7219,26.1589
3352,302,93,130,79,43.0464,26.1589
3353,300,88,129,83,43.0000,27.6667
3354,298,89,124,85,41.6107,28.5235
3355,299,92,125,82,41.8060,27.4247
3356,298,89,125,84,41.9463,28.1879
3357,299,88,121,90,40.4682,30.1003
3358,302,91,120,91,39.7351,30.1325
3359,301,88,117,96,38.8704,31.8937
3360,299,86,113,100,37.7926,33.4448
3361,301,85,111,105,36.8771,34.8837
3362,299,81,108,110,36.1204,36.7893
3363,300,79,104,117,34.6667,39.0000
3364,299,78,97,124,32.4415,41.4716
3365,301,80,97,124,32.2259,41.1960
3366,299,77,97,125,32.4415,41.8060
3367,298,79,83,136,27.8523,45.6376
3368,300,80,78,142,26.0000,47.3333
3369,298,81,76,141,25.5034,47.3154
3370,300,82,72,146,24.0000,48.6667
3371,299,81,65,153,21.7391,51.1706
3372,301,83,60,158,19.9336,52.4917
3373,300,83,57,160,19.0000,53.3333
3374,299,81,55,163,18.3946,54.5151
3375,300,83,56,161,18.6667,53.6667
3376,299,83,53,163,17.7258,54.5151
3377,302,87,51,164,16.8874,54.3046
3378,302,91,48,163,15.8940,53.9735
3379,302,90,50,162,16.5563,53.6424
3380,300,89,46,165,15.3333,55.0000
3381,299,88,46,165,15.3846,55.1839
3382,299,90,41,168,13.7124,56.1873
3383,298,89,41,168,13.7584,56.3758
3384,299,92,38,169,12.7090,56.5217
3385,303,97,38,168,12.5413,55.4455
3386,302,98,33,171,10.9272,56.6225
3387,302,101,31,170,10.2649,56.2914
3388,302,103,29,170,9.6026,56.2914
3389,302,103,29,170,9.6026,56.2914
3390,301,107,26,168,8.6379,55.8140
3391,301,106,29,166,9.6346,55.1495
3392,300,104,30,166,10.0000,55.3333
3393,299,105,27,167,9.0301,55.8528
3394,300,108,27,165,9.0000,55.0000
3395,300,107,25,168,8.3333,56.0000
3396,300,108,23,169,7.6667,56.3333
3397,300,111,24,165,8.0000,55.0000
3398,300,107,27,166,9.0000,55.3333
3399,300,104,30,166,10.0000,55.3333
3400,300,103,30,167,10.0000,55.6667
3401,299,107,28,164,9.3645,54.8495
3402,307,117,26,164,8.4691,53.4202
3403,307,116,28,163,9.1205,53.0945
3404,306,116,27,163,8.8235,53.2680
3405,306,120,27,159,8.8235,51.9608
3406,306,124,27,155,8.8235,50.6536
3407,305,123,28,154,9.1803,50.4918
3408,305,125,29,151,9.5082,49.5082
3409,305,131,30,144,9.8361,47.2131
3410,305,128,34,143,11.1475,46.8852
3411,304,135,31,138,10.1974,45.3947
3412,303,138,29,136,9.5710,44.8845
3413,303,143,29,131,9.5710,43.2343
3414,303,147,30,126,9.9010,41.5842
3415,303,154,28,121,9.2409,39.9340
3416,303,161,29,113,9.5710,37.2937
3417,302,164,28,110,9.2715,36.4238
3418,302,165,27,110,8.9404,36.4238
3419,302,175,26,101,8.6093,33.4437
3420,302,180,26,96,8.6093,31.7881
3421,302,182,24,96,7.9470,31.7881
3422,302,185,26,91,8.6093,30.1325
3423,301,191,26,84,8.6379,27.9070
3424,299,197,23,79,7.6923,26.4214
3425,304,206,22,76,7.2368,25.0000
3426,304,209,22,73,7.2368,24.0132
3427,304,209,22,73,7.2368,24.0132
3428,303,209,24,70,7.9208,23.1023
3429,303,209,25,69,8.2508,22.7723
3430,301,209,26,66,8.6379,21.9269
3431,300,206,26,68,8.6667,22.6667
3432,300,207,28,65,9.3333,21.6667
3433,300,207,29,64,9.6667,21.3333
3434,300,206,33,61,11.0000,20.3333
3435,300,203,36,61,12.0000,20.3333
3436,300,195,46,59,15.3333,19.6667
3437,300,196,46,58,15.3333,19.3333
3438,300,195,51,54,17.0000,18.0000
3439,298,195,51,52,17.1141,17.4497
3440,299,190,59,50,19.7324,16.7224
3441,300,182,68,50,22.6667,16.6667
3442,300,178,73,49,24.3333,16.3333
3443,300,175,76,49,25.3333,16.3333
3444,299,170,80,49,26.7559,16.3880
3445,302,170,85,47,28.1457,15.5629
3446,302,161,93,48,30.7947,15.8940
3447,302,153,103,46,34.1060,15.2318
3448,301,151,106,44,35.2159,14.6179
3449,300,146,107,47,35.6667,15.6667
3450,300,143,110,47,36.6667,15.6667
3451,300,137,113,50,37.6667,16.6667
3452,300,127,122,51,40.6667,17.0000
3453,298,120,127,51,42.6174,17.1141
3454,298,115,131,52,43.9597,17.4497
3455,301,114,133,54,44.1860,17.9402
3456,300,104,142,54,47.3333,18.0000
3457,298,97,141,60,47.3154,20.1342
3458,296,90,146,60,49.3243,20.2703
3459,296,84,149,63,50.3378,21.2838
3460,295,76,152,67,51.5254,22.7119
3461,297,80,141,76,47.4747,25.5892
3462,294,79,135,80,45.9184,27.2109
3463,293,77,136,80,46.4164,27.3038
3464,291,75,136,80,46.7354,27.4914
3465,294,73,134,87,45.5782,29.5918
3466,294,73,130,91,44.2177,30.9524
3467,294,73,122,99,41.4966,33.6735
3468,296,71,119,106,40.2027,35.8108
3469,296,64,123,109,41.5541,36.8243
3470,295,64,123,108,41.6949,36.6102
3471,293,66,115,112,39.2491,38.2253
3472,293,67,109,117,37.2014,39.9317
3473,291,64,107,120,36.7698,41.2371
3474,294,66,101,127,34.3537,43.1973
3475,294,67,94,133,31.9728,45.2381
3476,293,67,86,140,29.3515,47.7816
3477,296,68,84,144,28.3784,48.6486
3478,297,67,81,149,27.2727,50.1684
3479,296,64,75,157,25.3378,53.0405
3480,294,64,67,163,22.7891,55.4422
3481,295,65,66,164,22.3729,55.5932
3482,297,66,65,166,21.8855,55.8923
3483,303,71,65,167,21.4521,55.1155
3484,302,69,62,171,20.5298,56.6225
3485,301,69,59,173,19.6013,57.4751
3486,300,68,58,174,19.3333,58.0000
3487,300,64,61,175,20.3333,58.3333
3488,298,64,56,178,18.7919,59.7315
3489,300,66,52,182,17.3333,60.6667
3490,297,67,47,183,15.8249,61.6162
3491,298,67,45,186,15.1007,62.4161
3492,297,67,44,186,14.8148,62.6263
3493,296,67,42,187,14.1892,63.1757
3494,301,74,40,187,13.2890,62.1262
3495,300,73,40,187,13.3333,62.3333
3496,300,73,39,188,13.0000,62.6667
3497,298,72,35,191,11.7450,64.0940
3498,300,74,31,195,10.3333,65.0000
3499,299,75,30,194,10.0334,64.8829
3500,300,77,27,196,9.0000,65.3333
3501,300,79,27,194,9.0000,64.6667
3502,300,80,26,194,8.6667,64.6667
3503,298,82,23,193,7.7181,64.7651
3504,305,91,23,191,7.5410,62.6230
3505,305,91,22,192,7.2131,62.9508
3506,303,93,21,189,6.9307,62.3762
3507,303,95,17,191,5.6106,63.0363
3508,303,97,15,191,4.9505,63.0363
3509,303,103,16,184,5.2805,60.7261
3510,303,103,17,183,5.6106,60.3960
3511,302,106,16,180,5.2980,59.6026
3512,302,108,17,177,5.6291,58.6093
3513,302,116,18,168,5.9603,55.6291
3514,302,119,16,167,5.2980,55.2980
3515,302,121,15,166,4.9669,54.9669
3516,302,121,17,164,5.6291,54.3046
3517,302,128,16,158,5.2980,52.3179
3518,302,132,17,153,5.6291,50.6623
3519,302,142,15,145,4.9669,48.0132
3520,302,149,15,138,4.9669,45.6954
3521,302,152,14,136,4.6358,45.0331
3522,302,153,15,134,4.9669,44.3709
3523,302,159,14,129,4.6358,42.7152
3524,302,162,17,123,5.6291,40.7285
3525,302,167,16,119,5.2980,39.4040
3526,302,174,16,112,5.2980,37.0861
3527,302,178,16,108,5.2980,35.7616
3528,302,185,17,100,5.6291,33.1126
3529,302,188,19,95,6.2914,31.4570
3530,302,193,19,90,6.2914,29.8013
3531,301,199,21,81,6.9767,26.9103
3532,301,205,21,75,6.9767,24.9169
3533,300,206,19,75,6.3333,25.0000
3534,300,208,19,73,6.3333,24.3333
3535,300,209,20,71,6.6667,23.6667
3536,300,210,22,68,7.3333,22.6667
3537,299,208,26,65,8.6957,21.7391
3538,303,211,28,64,9.2409,21.1221
3539,303,211,30,62,9.9010,20.4620
3540,303,209,36,58,11.8812,19.1419
3541,303,210,39,54,12.8713,17.8218
3542,303,206,44,53,14.5215,17.4917
3543,303,205,48,50,15.8416,16.5017
3544,303,201,51,51,16.8317,16.8317
3545,303,199,51,53,16.8317,17.4917
3546,303,197,55,51,18.1518,16.8317
3547,302,193,58,51,19.2053,16.8874
3548,301,191,59,51,19.6013,16.9435
3549,300,192,60,48,20.0000,16.0000
3550,299,189,66,44,22.0736,14.7157
3551,302,191,67,44,22.1854,14.5695
3552,301,190,69,42,22.9236,13.9535
3553,301,182,78,41,25.9136,13.6213
3554,301,178,82,41,27.2425,13.6213
3555,301,176,85,40,28.2392,13.2890
3556,300,167,92,41,30.6667,13.6667
3557,299,161,96,42,32.1070,14.0468
3558,302,162,96,44,31.7881,14.5695
3559,302,157,105,40,34.7682,13.2450
3560,301,153,107,41,35.5482,13.6213
3561,300,146,107,47,35.6667,15.6667
3562,300,141,109,50,36.3333,16.6667
3563,299,137,108,54,36.1204,18.0602
3564,298,132,112,54,37.5839,18.1208
3565,296,126,112,58,37.8378,19.5946
3566,296,125,115,56,38.8514,18.9189
3567,296,123,113,60,38.1757,20.2703
3568,299,118,119,62,39.7993,20.7358
3569,301,114,123,64,40.8638,21.2625
3570,300,110,121,69,40.3333,23.0000
3571,299,107,122,70,40.8027,23.4114
3572,298,104,124,70,41.6107,23.4899
3573,299,103,120,76,40.1338,25.4181
3574,299,100,118,81,39.4649,27.0903
3575,298,97,118,83,39.5973,27.8523
3576,302,92,123,87,40.7285,28.8079
3577,301,89,118,94,39.2027,31.2292
3578,300,85,113,102,37.6667,34.0000
3579,299,83,111,105,37.1237,35.1171
3580,300,85,104,111,34.6667,37.0000
3581,299,79,105,115,35.1171,38.4615
3582,299,80,101,118,33.7793,39.4649
3583,299,78,99,122,33.1104,40.8027
3584,301,76,98,127,32.5581,42.1927
3585,300,72,98,130,32.6667,43.3333
3586,299,69,96,134,32.1070,44.8161
3587,299,71,92,136,30.7692,45.4849
3588,302,73,87,142,28.8079,47.0199
3589,301,72,84,145,27.9070,48.1728
3590,299,70,78,151,26.0870,50.5017
3591,303,73,75,155,24.7525,51.1551
3592,302,72,73,157,24.1722,51.9868
3593,301,66,76,159,25.2492,52.8239
3594,300,64,74,162,24.6667,54.0000
3595,298,64,68,166,22.8188,55.7047
3596,298,67,63,168,21.1409,56.3758
3597,299,72,58,169,19.3980,56.5217
3598,297,72,54,171,18.1818,57.5758
3599,296,71,52,173,17.5676,58.4459
3600,296,74,49,173,16.5541,58.4459
3601,300,77,47,176,15.6667,58.6667
3602,299,76,44,179,14.7157,59.8662
3603,303,79,45,179,14.8515,59.0759
3604,303,79,40,184,13.2013,60.7261
3605,301,77,38,186,12.6246,61.7940
3606,299,77,33,189,11.0368,63.2107
3607,301,80,32,189,10.6312,62.7907
3608,300,80,32,188,10.6667,62.6667
3609,299,82,31,186,10.3679,62.2074
3610,300,85,29,186,9.6667,62.0000
3611,300,86,26,188,8.6667,62.6667
3612,300,88,26,186,8.6667,62.0000
3613,300,92,24,184,8.0000,61.3333
3614,299,94,21,184,7.0234,61.5385
3615,301,100,20,181,6.6445,60.1329
3616,301,99,22,180,7.3090,59.8007
3617,300,102,22,176,7.3333,58.6667
3618,300,103,21,176,7.0000,58.6667
3619,299,108,18,173,6.0201,57.8595
3620,301,109,21,171,6.9767,56.8106
3621,301,112,21,168,6.9767,55.8140
3622,299,117,18,164,6.0201,54.8495
3623,303,122,19,162,6.2706,53.4653
3624,303,122,18,163,5.9406,53.7954
3625,302,128,18,156,5.9603,51.6556
3626,301,133,16,152,5.3156,50.4983
3627,301,136,16,149,5.3156,49.5017
3628,301,141,15,145,4.9834,48.1728
3629,301,149,14,138,4.6512,45.8472
3630,301,155,15,131,4.9834,43.5216
3631,301,160,15,126,4.9834,41.8605
3632,301,166,15,120,4.9834,39.8671
3633,300,169,13,118,4.3333,39.3333
3634,300,173,13,114,4.3333,38.0000
3635,300,177,12,111,4.0000,37.0000
3636,300,181,12,107,4.0000,35.6667
3637,299,186,10,103,3.3445,34.4482
3638,302,192,11,99,3.6424,32.7815
3639,302,194,12,96,3.9735,31.7881
3640,301,200,11,90,3.6545,29.9003
3641,300,203,10,87,3.3333,29.0000
3642,300,210,10,80,3.3333,26.6667
3643,299,214,9,76,3.0100,25.4181
3644,303,220,9,74,2.9703,24.4224
3645,303,222,8,73,2.6403,24.0924
3646,303,222,12,69,3.9604,22.7723
3647,303,225,13,65,4.2904,21.4521
3648,303,227,14,62,4.6205,20.4620
3649,303,228,17,58,5.6106,19.1419
3650,302,229,16,57,5.2980,18.8742
3651,302,226,21,55,6.9536,18.2119
3652,302,223,25,54,8.2781,17.8808
3653,302,226,25,51,8.2781,16.8874
3654,302,230,24,48,7.9470,15.8940
3655,302,228,27,47,8.9404,15.5629
3656,302,232,28,42,9.2715,13.9073
3657,302,226,35,41,11.5894,13.5762
3658,302,227,38,37,12.5828,12.2517
3659,301,222,42,37,13.9535,12.2924
3660,301,217,47,37,15.6146,12.2924
3661,301,215,50,36,16.6113,11.9601
3662,301,209,58,34,19.2691,11.2957
3663,301,209,61,31,20.2658,10.2990
3664,301,203,68,30,22.5914,9.9668
3665,301,203,71,27,23.5880,8.9701
3666,301,201,75,25,24.9169,8.3056
3667,301,195,79,27,26.2458,8.9701
3668,300,193,79,28,26.3333,9.3333
3669,300,178,93,29,31.0000,9.6667
3670,300,177,92,31,30.6667,10.3333
3671,300,172,96,32,32.0000,10.6667
3672,299,162,102,35,34.1137,11.7057
3673,302,160,106,36,35.0993,11.9205
3674,302,156,111,35,36.7550,11.5894
3675,302,150,116,36,38.4106,11.9205
3676,302,142,123,37,40.7285,12.2517
3677,301,132,129,40,42.8571,13.2890
3678,301,128,128,45,42.5249,14.9502
3679,300,121,132,47,44.0000,15.6667
3680,299,115,133,51,44.4816,17.0569
3681,297,106,138,53,46.4646,17.8451
3682,299,102,142,55,47.4916,18.3946
3683,300,102,137,61,45.6667,20.3333
3684,300,98,138,64,46.0000,21.3333
3685,298,96,137,65,45.9732,21.8121
3686,301,92,140,69,46.5116,22.9236
3687,301,89,134,78,44.5183,25.9136
3688,301,84,139,78,46.1794,25.9136
3689,299,81,133,85,44.4816,28.4281
3690,298,79,128,91,42.9530,30.5369
3691,296,73,128,95,43.2432,32.0946
3692,295,69,127,99,43.0508,33.5593
3693,296,68,122,106,41.2162,35.8108
3694,295,62,125,108,42.3729,36.6102
3695,296,61,120,115,40.5405,38.8514
3696,295,60,116,119,39.3220,40.3390
3697,293,62,111,120,37.8840,40.9556
3698,293,60,104,129,35.4949,44.0273
3699,293,64,96,133,32.7645,45.3925
3700,295,64,92,139,31.1864,47.1186
3701,299,64,86,149,28.7625,49.8328
3702,301,64,82,155,27.2425,51.4950
3703,301,62,77,162,25.5814,53.8206
3704,301,61,78,162,25.9136,53.8206
3705,300,59,75,166,25.0000,55.3333
3706,300,59,68,173,22.6667,57.6667
3707,300,57,66,177,22.0000,59.0000
3708,298,56,60,182,20.1342,61.0738
3709,298,57,58,183,19.4631,61.4094
3710,297,55,57,185,19.1919,62.2896
3711,299,57,53,189,17.7258,63.2107
3712,301,62,46,193,15.2824,64.1196
3713,301,62,41,198,13.6213,65.7807
3714,299,62,36,201,12.0401,67.2241
3715,299,63,31,205,10.3679,68.5619
3716,303,67,30,206,9.9010,67.9868
3717,302,67,28,207,9.2715,68.5430
3718,302,68,26,208,8.6093,68.8742
3719,302,69,26,207,8.6093,68.5430
3720,302,68,27,207,8.9404,68.5430
3721,302,68,24,210,7.9470,69.5364
3722,300,69,23,208,7.6667,69.3333
3723,300,72,20,208,6.6667,69.3333
3724,300,74,20,206,6.6667,68.6667
3725,300,75,18,207,6.0000,69.0000
3726,300,74,19,207,6.3333,69.0000
3727,300,74,19,207,6.3333,69.0000
3728,300,76,17,207,5.6667,69.0000
3729,300,78,16,206,5.3333,68.6667
3730,300,84,16,200,5.3333,66.6667
3731,299,86,13,200,4.3478,66.8896
3732,300,90,15,195,5.0000,65.0000
3733,300,92,16,192,5.3333,64.0000
3734,300,94,17,189,5.6667,63.0000
3735,300,100,17,183,5.6667,61.0000
3736,300,103,17,180,5.6667,60.0000
3737,300,104,19,177,6.3333,59.0000
3738,299,107,19,173,6.3545,57.8595
3739,300,117,20,163,6.6667,54.3333
3740,299,118,18,163,6.0201,54.5151
3741,300,127,17,156,5.6667,52.0000
3742,300,133,14,153,4.6667,51.0000
3743,300,136,15,149,5.0000,49.6667
3744,300,141,14,145,4.6667,48.3333
3745,300,148,14,138,4.6667,46.0000
3746,300,149,14,137,4.6667,45.6667
3747,299,155,14,130,4.6823,43.4783
3748,301,161,13,127,4.3189,42.1927
3749,301,163,13,125,4.3189,41.5282
3750,301,171,13,117,4.3189,38.8704
3751,301,173,15,113,4.9834,37.5415
3752,301,178,14,109,4.6512,36.2126
3753,301,188,13,100,4.3189,33.2226
3754,300,194,13,93,4.3333,31.0000
3755,300,201,13,86,4.3333,28.6667
3756,300,197,17,86,5.6667,28.6667
3757,300,200,18,82,6.0000,27.3333
3758,300,205,19,76,6.3333,25.3333
3759,300,209,17,74,5.6667,24.6667
3760,300,212,19,69,6.3333,23.0000
3761,300,212,21,67,7.0000,22.3333
3762,300,212,22,66,7.3333,22.0000
3763,300,213,26,61,8.6667,20.3333
3764,300,217,26,57,8.6667,19.0000
3765,300,218,30,52,10.0000,17.3333
3766,300,214,37,49,12.3333,16.3333
3767,300,217,36,47,12.0000,15.6667
3768,300,218,36,46,12.0000,15.3333
3769,300,215,41,44,13.6667,14.6667
3770,300,214,44,42,14.6667,14.0000
3771,299,211,47,41,15.7191,13.7124
3772,301,212,48,41,15.9468,13.6213
3773,300,212,51,37,17.0000,12.3333
3774,300,200,64,36,21.3333,12.0000
3775,300,194,72,34,24.0000,11.3333
3776,300,190,76,34,25.3333,11.3333
3777,299,184,81,34,27.0903,11.3712
3778,301,181,84,36,27.9070,11.9601
3779,301,172,94,35,31.2292,11.6279
3780,301,166,101,34,33.5548,11.2957
3781,300,165,103,32,34.3333,10.6667
3782,298,158,107,33,35.9060,11.0738
3783,298,148,114,36,38.2550,12.0805
3784,298,143,118,37,39.5973,12.4161
3785,301,138,125,38,41.5282,12.6246
3786,301,130,125,46,41.5282,15.2824
3787,300,124,129,47,43.0000,15.6667
3788,300,122,130,48,43.3333,16.0000
3789,300,117,132,51,44.0000,17.0000
3790,300,108,137,55,45.6667,18.3333
3791,299,101,140,58,46.8227,19.3980
3792,298,97,143,58,47.9866,19.4631
3793,297,95,144,58,48.4848,19.5286
3794,294,93,141,60,47.9592,20.4082
3795,289,90,131,68,45.3287,23.5294
3796,287,86,130,71,45.2962,24.7387
3797,286,80,133,73,46.5035,25.5245
3798,284,80,129,75,45.4225,26.4085
3799,282,75,125,82,44.3262,29.0780
3800,285,75,122,88,42.8070,30.8772
3801,286,75,116,95,40.5594,33.2168
3802,286,69,120,97,41.9580,33.9161
3803,286,67,119,100,41.6084,34.9650
3804,282,66,112,104,39.7163,36.8794
3805,282,65,113,104,40.0709,36.8794
3806,278,60,107,111,38.4892,39.9281
3807,277,55,106,116,38.2671,41.8773
3808,279,58,102,119,36.5591,42.6523
3809,279,56,101,122,36.2007,43.7276
3810,283,62,96,125,33.9223,44.1696
3811,284,63,88,133,30.9859,46.8310
3812,285,63,88,134,30.8772,47.0175
3813,283,61,85,137,30.0353,48.4099
3814,283,62,83,138,29.3286,48.7633
3815,285,64,80,141,28.0702,49.4737
3816,284,62,80,142,28.1690,50.0000
3817,285,64,71,150,24.9123,52.6316
3818,287,64,70,153,24.3902,53.3101
3819,287,66,68,153,23.6934,53.3101
3820,286,66,63,157,22.0280,54.8951
3821,288,68,60,160,20.8333,55.5556
3822,286,67,56,163,19.5804,56.9930
3823,289,72,49,168,16.9550,58.1315
3824,290,76,46,168,15.8621,57.9310
3825,291,75,43,173,14.7766,59.4502
3826,292,76,39,177,13.3562,60.6164
3827,294,80,34,180,11.5646,61.2245
3828,295,83,32,180,10.8475,61.0169
3829,296,85,31,180,10.4730,60.8108
3830,300,91,30,179,10.0000,59.6667
3831,300,90,30,180,10.0000,60.0000
3832,300,91,26,183,8.6667,61.0000
3833,300,89,26,185,8.6667,61.6667
3834,299,90,24,185,8.0268,61.8729
3835,301,96,24,181,7.9734,60.1329
3836,301,96,20,185,6.6445,61.4618
3837,300,97,19,184,6.3333,61.3333
3838,299,104,19,176,6.3545,58.8629
3839,300,107,18,175,6.0000,58.3333
3840,300,108,17,175,5.6667,58.3333
3841,300,110,18,172,6.0000,57.3333
3842,300,113,18,169,6.0000,56.3333
3843,299,115,17,167,5.6856,55.8528
3844,302,118,18,166,5.9603,54.9669
3845,301,119,16,166,5.3156,55.1495
3846,299,123,15,161,5.0167,53.8462
3847,302,131,18,153,5.9603,50.6623
3848,302,134,19,149,6.2914,49.3377
3849,301,135,19,147,6.3123,48.8372
3850,301,138,18,145,5.9801,48.1728
3851,301,144,18,139,5.9801,46.1794
3852,301,148,20,133,6.6445,44.1860
3853,301,153,22,126,7.3090,41.8605
3854,301,152,24,125,7.9734,41.5282
3855,301,154,24,123,7.9734,40.8638
3856,301,159,25,117,8.3056,38.8704
3857,301,158,26,117,8.6379,38.8704
3858,301,160,30,111,9.9668,36.8771
3859,301,161,34,106,11.2957,35.2159
3860,300,161,36,103,12.0000,34.3333
3861,300,162,38,100,12.6667,33.3333
3862,300,161,43,96,14.3333,32.0000
3863,300,165,47,88,15.6667,29.3333
3864,299,165,47,87,15.7191,29.0970
3865,301,165,52,84,17.2757,27.9070
3866,301,167,51,83,16.9435,27.5748
3867,300,168,50,82,16.6667,27.3333
3868,300,162,58,80,19.3333,26.6667
3869,298,169,57,72,19.1275,24.1611
3870,300,171,60,69,20.0000,23.0000
3871,300,168,65,67,21.6667,22.3333
3872,298,166,69,63,23.1544,21.1409
3873,296,162,73,61,24.6622,20.6081
3874,297,165,73,59,24.5791,19.8653
3875,299,170,74,55,24.7492,18.3946
3876,300,166,78,56,26.0000,18.6667
3877,299,167,81,51,27.0903,17.0569
3878,301,165,86,50,28.5714,16.6113
3879,298,162,87,49,29.1946,16.4430
3880,298,157,92,49,30.8725,16.4430
3881,300,153,98,49,32.6667,16.3333
3882,299,150,97,52,32.4415,17.3913
3883,300,152,93,55,31.0000,18.3333
3884,298,154,91,53,30.5369,17.7852
3885,301,153,97,51,32.2259,16.9435
3886,300,145,102,53,34.0000,17.6667
3887,300,139,107,54,35.6667,18.0000
3888,298,138,109,51,36.5772,17.1141
3889,300,129,117,54,39.0000,18.0000
3890,299,124,119,56,39.7993,18.7291
3891,300,119,123,58,41.0000,19.3333
3892,299,113,124,62,41.4716,20.7358
3893,298,106,123,69,41.2752,23.1544
3894,299,103,126,70,42.1405,23.4114
3895,301,101,128,72,42.5249,23.9203
3896,301,97,127,77,42.1927,25.5814
3897,297,91,129,77,43.4343,25.9259
3898,296,88,125,83,42.2297,28.0405
3899,299,87,123,89,41.1371,29.7659
3900,300,81,124,95,41.3333,31.6667
3901,300,77,118,105,39.3333,35.0000
3902,299,73,117,109,39.1304,36.4548
3903,299,73,115,111,38.4615,37.1237
3904,301,73,117,111,38.8704,36.8771
3905,300,69,115,116,38.3333,38.6667
3906,297,68,111,118,37.3737,39.7306
3907,297,66,108,123,36.3636,41.4141
3908,295,63,103,129,34.9153,43.7288
3909,294,60,102,132,34.6939,44.8980
3910,294,60,93,141,31.6327,47.9592
3911,292,59,88,145,30.1370,49.6575
3912,292,59,85,148,29.1096,50.6849
3913,294,61,78,155,26.5306,52.7211
3914,295,61,75,159,25.4237,53.8983
3915,296,62,75,159,25.3378,53.7162
3916,298,63,71,164,23.8255,55.0336
3917,301,65,68,168,22.5914,55.8140
3918,300,64,66,170,22.0000,56.6667
3919,299,66,62,171,20.7358,57.1906
3920,300,67,56,177,18.6667,59.0000
3921,300,64,53,183,17.6667,61.0000
3922,299,64,51,184,17.0569,61.5385
3923,299,63,50,186,16.7224,62.2074
3924,300,64,49,187,16.3333,62.3333
3925,299,63,49,187,16.3880,62.5418
3926,301,67,43,191,14.2857,63.4551
3927,299,67,39,193,13.0435,64.5485
3928,308,78,38,192,12.3377,62.3377
3929,306,77,33,196,10.7843,64.0523
3930,306,79,33,194,10.7843,63.3987
3931,306,81,31,194,10.1307,63.3987
3932,306,79,33,194,10.7843,63.3987
3933,306,80,33,193,10.7843,63.0719
3934,305,84,31,190,10.1639,62.2951
3935,305,89,27,189,8.8525,61.9672
3936,304,90,25,189,8.2237,62.1711
3937,302,89,24,189,7.9470,62.5828
3938,301,90,22,189,7.3090,62.7907
3939,301,92,22,187,7.3090,62.1262
3940,301,94,22,185,7.3090,61.4618
3941,300,97,19,184,6.3333,61.3333
3942,300,99,18,183,6.0000,61.0000
3943,300,100,19,181,6.3333,60.3333
3944,300,105,16,179,5.3333,59.6667
3945,300,112,16,172,5.3333,57.3333
3946,300,112,16,172,5.3333,57.3333
3947,300,115,15,170,5.0000,56.6667
3948,300,120,14,166,4.6667,55.3333
3949,300,120,15,165,5.0000,55.0000
3950,300,126,14,160,4.6667,53.3333
3951,300,132,13,155,4.3333,51.6667
3952,299,138,11,150,3.6789,50.1672
3953,302,151,9,142,2.9801,47.0199
3954,302,156,8,138,2.6490,45.6954
3955,302,159,8,135,2.6490,44.7020
3956,302,160,8,134,2.6490,44.3709
3957,301,163,9,129,2.9900,42.8571
3958,301,166,9,126,2.9900,41.8605
3959,299,171,8,120,2.6756,40.1338
3960,299,177,8,114,2.6756,38.1271
3961,302,182,10,110,3.3113,36.4238
3962,302,192,10,100,3.3113,33.1126
3963,302,196,9,97,2.9801,32.1192
3964,302,199,9,94,2.9801,31.1258
3965,302,204,11,87,3.6424,28.8079
3966,302,208,11,83,3.6424,27.4834
3967,301,209,11,81,3.6545,26.9103
3968,301,212,13,76,4.3189,25.2492
3969,301,213,15,73,4.9834,24.2525
3970,301,214,17,70,5.6478,23.2558
3971,301,215,19,67,6.3123,22.2591
3972,301,220,20,61,6.6445,20.2658
3973,301,224,22,55,7.3090,18.2724
3974,301,224,23,54,7.6412,17.9402
3975,301,222,27,52,8.9701,17.2757
3976,301,222,28,51,9.3023,16.9435
3977,301,222,28,51,9.3023,16.9435
3978,301,224,29,48,9.6346,15.9468
3979,301,225,31,45,10.2990,14.9502
3980,301,222,35,44,11.6279,14.6179
3981,300,224,35,41,11.6667,13.6667
3982,300,221,39,40,13.0000,13.3333
3983,300,222,41,37,13.6667,12.3333
3984,300,220,44,36,14.6667,12.0000
3985,300,218,45,37,15.0000,12.3333
3986,300,214,49,37,16.3333,12.3333
3987,300,217,49,34,16.3333,11.3333
3988,300,215,53,32,17.6667,10.6667
3989,299,207,57,35,19.0635,11.7057
3990,299,207,59,33,19.7324,11.0368
3991,299,205,60,34,20.0669,11.3712
3992,302,203,65,34,21.5232,11.2583
3993,302,195,73,34,24.1722,11.2583
3994,301,189,78,34,25.9136,11.2957
3995,301,184,81,36,26.9103,11.9601
3996,300,181,84,35,28.0000,11.6667
3997,300,169,95,36,31.6667,12.0000
3998,300,163,101,36,33.6667,12.0000
3999,300,158,105,37,35.0000,12.3333
4000,299,157,103,39,34.4482,13.0435
4001,299,151,107,41,35.7860,13.7124
4002,298,143,114,41,38.2550,13.7584
4003,298,138,117,43,39.2617,14.4295
4004,299,134,121,44,40.4682,14.7157
4005,300,129,126,45,42.0000,15.0000
4006,299,120,133,46,44.4816,15.3846
4007,299,104,146,49,48.8294,16.3880
4008,299,99,149,51,49.8328,17.0569
4009,306,103,145,58,47.3856,18.9542
4010,306,99,144,63,47.0588,20.5882
4011,305,93,147,65,48.1967,21.3115
4012,304,87,148,69,48.6842,22.6974
4013,303,84,145,74,47.8548,24.4224
4014,301,81,139,81,46.1794,26.9103
4015,300,78,136,86,45.3333,28.6667
4016,300,75,136,89,45.3333,29.6667
4017,296,70,132,94,44.5946,31.7568
4018,298,69,123,106,41.2752,35.5705
4019,300,67,121,112,40.3333,37.3333
4020,299,63,121,115,40.4682,38.4615
4021,300,61,121,118,40.3333,39.3333
4022,298,56,118,124,39.5973,41.6107
4023,298,53,115,130,38.5906,43.6242
4024,297,53,108,136,36.3636,45.7912
4025,298,55,105,138,35.2349,46.3087
4026,298,60,94,144,31.5436,48.3221
4027,295,58,86,151,29.1525,51.1864
4028,290,58,71,161,24.4828,55.5172
4029,294,63,69,162,23.4694,55.1020
4030,295,64,67,164,22.7119,55.5932
4031,295,67,61,167,20.6780,56.6102
4032,296,65,61,170,20.6081,57.4324
4033,295,64,59,172,20.0000,58.3051
4034,296,65,55,176,18.5811,59.4595
4035,297,63,55,179,18.5185,60.2694
4036,299,64,51,184,17.0569,61.5385
4037,298,66,48,184,16.1074,61.7450
4038,301,67,47,187,15.6146,62.1262
4039,299,67,43,189,14.3813,63.2107
4040,302,69,43,190,14.2384,62.9139
4041,301,71,39,191,12.9568,63.4551
4042,301,70,33,198,10.9635,65.7807
4043,300,70,31,199,10.3333,66.3333
4044,299,70,28,201,9.3645,67.2241
4045,303,76,28,199,9.2409,65.6766
4046,302,77,27,198,8.9404,65.5629
4047,301,79,26,196,8.6379,65.1163
4048,299,81,23,195,7.6923,65.2174
4049,301,83,24,194,7.9734,64.4518
4050,301,84,25,192,8.3056,63.7874
4051,301,85,24,192,7.9734,63.7874
4052,300,87,23,190,7.6667,63.3333
4053,300,88,20,192,6.6667,64.0000
4054,300,88,20,192,6.6667,64.0000
4055,300,88,22,190,7.3333,63.3333
4056,299,89,21,189,7.0234,63.2107
4057,300,92,21,187,7.0000,62.3333
4058,300,92,21,187,7.0000,62.3333
4059,300,93,21,186,7.0000,62.0000
4060,300,95,20,185,6.6667,61.6667
4061,300,101,21,178,7.0000,59.3333
4062,300,107,19,174,6.3333,58.0000
4063,299,108,18,173,6.0201,57.8595
4064,300,113,18,169,6.0000,56.3333
4065,300,117,19,164,6.3333,54.6667
4066,300,123,20,157,6.6667,52.3333
4067,300,129,20,151,6.6667,50.3333
4068,300,132,20,148,6.6667,49.3333
4069,300,137,19,144,6.3333,48.0000
4070,300,148,21,131,7.0000,43.6667
4071,300,153,21,126,7.0000,42.0000
4072,299,154,22,123,7.3579,41.1371
4073,304,162,21,121,6.9079,39.8026
4074,304,168,20,116,6.5789,38.1579
4075,304,171,21,112,6.9079,36.8421
4076,303,175,21,107,6.9307,35.3135
4077,303,174,23,106,7.5908,34.9835
4078,303,179,21,103,6.9307,33.9934
4079,303,180,25,98,8.2508,32.3432
4080,303,186,29,88,9.5710,29.0429
4081,303,187,29,87,9.5710,28.7129
4082,303,187,33,83,10.8911,27.3927
4083,303,187,37,79,12.2112,26.0726
4084,303,186,40,77,13.2013,25.4125
4085,303,187,42,74,13.8614,24.4224
4086,303,188,44,71,14.5215,23.4323
4087,303,185,49,69,16.1716,22.7723
4088,303,186,53,64,17.4917,21.1221
4089,303,186,55,62,18.1518,20.4620
4090,303,186,58,59,19.1419,19.4719
4091,303,181,65,57,21.4521,18.8119
4092,302,178,66,58,21.8543,19.2053
4093,302,176,72,54,23.8411,17.8808
4094,301,179,76,46,25.2492,15.2824
4095,301,173,83,45,27.5748,14.9502
4096,299,171,83,45,27.7592,15.0502
4097,303,165,93,45,30.6931,14.8515
4098,303,160,96,47,31.6832,15.5116
4099,301,154,95,52,31.5615,17.2757
4100,301,146,104,51,34.5515,16.9435
4101,300,137,109,54,36.3333,18.0000
4102,299,133,110,56,36.7893,18.7291
4103,298,127,114,57,38.2550,19.1275
4104,303,128,115,60,37.9538,19.8020
4105,302,129,114,59,37.7483,19.5364
4106,302,125,117,60,38.7417,19.8675
4107,301,120,117,64,38.8704,21.2625
4108,300,117,119,64,39.6667,21.3333
4109,300,111,123,66,41.0000,22.0000
4110,298,108,122,68,40.9396,22.8188
4111,299,104,127,68,42.4749,22.7425
4112,298,97,129,72,43.2886,24.1611
4113,297,92,128,77,43.0976,25.9259
4114,300,94,127,79,42.3333,26.3333
4115,298,88,125,85,41.9463,28.5235
4116,300,84,129,87,43.0000,29.0000
4117,297,82,120,95,40.4040,31.9865
4118,296,77,119,100,40.2027,33.7838
4119,300,78,117,105,39.0000,35.0000
4120,297,71,116,110,39.0572,37.0370
4121,299,70,111,118,37.1237,39.4649
4122,297,69,106,122,35.6902,41.0774
4123,297,71,103,123,34.6801,41.4141
4124,298,72,98,128,32.8859,42.9530
4125,300,76,96,128,32.0000,42.6667
4126,298,74,94,130,31.5436,43.6242
4127,296,74,91,131,30.7432,44.2568
4128,300,79,86,135,28.6667,45.0000
4129,299,76,84,139,28.0936,46.4883
4130,298,77,79,142,26.5101,47.6510
4131,298,77,80,141,26.8456,47.3154
4132,300,80,70,150,23.3333,50.0000
4133,299,81,63,155,21.0702,51.8395
4134,301,82,59,160,19.6013,53.1561
4135,299,81,56,162,18.7291,54.1806
4136,301,84,50,167,16.6113,55.4817
4137,300,84,44,172,14.6667,57.3333
4138,298,84,40,174,13.4228,58.3893
4139,298,87,36,175,12.0805,58.7248
4140,303,90,33,180,10.8911,59.4059
4141,301,87,32,182,10.6312,60.4651
4142,300,88,28,184,9.3333,61.3333
4143,300,89,27,184,9.0000,61.3333
4144,300,91,26,183,8.6667,61.0000
4145,299,89,27,183,9.0301,61.2040
4146,300,89,27,184,9.0000,61.3333
4147,298,90,22,186,7.3826,62.4161
4148,301,94,23,184,7.6412,61.1296
4149,301,94,22,185,7.3090,61.4618
4150,301,96,18,187,5.9801,62.1262
4151,299,99,17,183,5.6856,61.2040
4152,300,100,15,185,5.0000,61.6667
4153,300,101,17,182,5.6667,60.6667
4154,300,103,16,181,5.3333,60.3333
4155,300,106,16,178,5.3333,59.3333
4156,300,110,15,175,5.0000,58.3333
4157,300,112,16,172,5.3333,57.3333
4158,300,113,16,171,5.3333,57.0000
4159,300,117,17,166,5.6667,55.3333
4160,300,117,18,165,6.0000,55.0000
4161,299,120,15,164,5.0167,54.8495
4162,302,127,13,162,4.3046,53.6424
4163,302,128,14,160,4.6358,52.9801
4164,302,131,16,155,5.2980,51.3245
4165,302,136,16,150,5.2980,49.6689
4166,302,139,14,149,4.6358,49.3377
4167,302,145,14,143,4.6358,47.3510
4168,302,146,14,142,4.6358,47.0199
4169,302,152,16,134,5.2980,44.3709
4170,302,154,19,129,6.2914,42.7152
4171,302,159,19,124,6.2914,41.0596
4172,302,161,20,121,6.6225,40.0662
4173,302,165,25,112,8.2781,37.0861
4174,302,167,25,110,8.2781,36.4238
4175,302,168,26,108,8.6093,35.7616
4176,302,172,27,103,8.9404,34.1060
4177,302,173,27,102,8.9404,33.7748
4178,301,172,30,99,9.9668,32.8904
4179,301,173,32,96,10.6312,31.8937
4180,300,178,30,92,10.0000,30.6667
4181,300,181,32,87,10.6667,29.0000
4182,300,187,32,81,10.6667,27.0000
4183,300,183,37,80,12.3333,26.6667
4184,300,187,41,72,13.6667,24.0000
4185,300,191,41,68,13.6667,22.6667
4186,300,190,47,63,15.6667,21.0000
4187,299,189,48,62,16.0535,20.7358
4188,302,193,53,56,17.5497,18.5430
4189,302,193,57,52,18.8742,17.2185
4190,302,194,57,51,18.8742,16.8874
4191,299,190,60,49,20.0669,16.3880
4192,304,197,63,44,20.7237,14.4737
4193,302,195,61,46,20.1987,15.2318
4194,301,191,65,45,21.5947,14.9502
4195,301,188,68,45,22.5914,14.9502
4196,301,182,74,45,24.5847,14.9502
4197,301,175,80,46,26.5781,15.2824
4198,301,168,85,48,28.2392,15.9468
4199,300,163,90,47,30.0000,15.6667
4200,299,157,95,47,31.7726,15.7191
4201,302,156,100,46,33.1126,15.2318
4202,302,159,99,44,32.7815,14.5695
4203,302,152,105,45,34.7682,14.9007
4204,301,147,104,50,34.5515,16.6113
4205,300,142,108,50,36.0000,16.6667
4206,299,138,109,52,36.4548,17.3913
4207,299,127,116,56,38.7960,18.7291
4208,300,127,115,58,38.3333,19.3333
4209,299,125,111,63,37.1237,21.0702
4210,298,124,112,62,37.5839,20.8054
4211,298,120,112,66,37.5839,22.1477
4212,296,117,110,69,37.1622,23.3108
4213,297,117,112,68,37.7104,22.8956
4214,296,115,111,70,37.5000,23.6486
4215,297,110,115,72,38.7205,24.2424
4216,300,110,110,80,36.6667,26.6667
4217,298,103,110,85,36.9128,28.5235
4218,299,97,117,85,39.1304,28.4281
4219,298,100,110,88,36.9128,29.5302
4220,300,93,110,97,36.6667,32.3333
4221,300,91,111,98,37.0000,32.6667
4222,300,83,114,103,38.0000,34.3333
4223,298,78,116,104,38.9262,34.8993
4224,295,79,108,108,36.6102,36.6102
4225,297,80,107,110,36.0269,37.0370
4226,296,80,105,111,35.4730,37.5000
4227,293,80,92,121,31.3993,41.2969
4228,296,79,91,126,30.7432,42.5676
4229,300,83,91,126,30.3333,42.0000
4230,299,77,95,127,31.7726,42.4749
4231,300,74,97,129,32.3333,43.0000
4232,299,71,96,132,32.1070,44.1472
4233,301,69,96,136,31.8937,45.1827
4234,301,66,97,138,32.2259,45.8472
4235,301,66,90,145,29.9003,48.1728
4236,301,67,83,151,27.5748,50.1661
4237,300,63,83,154,27.6667,51.3333
4238,296,61,74,161,25.0000,54.3919
4239,294,59,73,162,24.8299,55.1020
4240,293,59,68,166,23.2082,56.6553
4241,296,60,65,171,21.9595,57.7703
4242,297,63,61,173,20.5387,58.2492
4243,296,61,57,178,19.2568,60.1351
4244,298,58,59,181,19.7987,60.7383
4245,300,62,60,178,20.0000,59.3333
4246,299,62,59,178,19.7324,59.5318
4247,299,61,60,178,20.0669,59.5318
4248,301,64,57,180,18.9369,59.8007
4249,301,64,57,180,18.9369,59.8007
4250,300,66,54,180,18.0000,60.0000
4251,298,68,48,182,16.1074,61.0738
4252,298,69,44,185,14.7651,62.0805
4253,300,70,42,188,14.0000,62.6667
4254,300,70,39,191,13.0000,63.6667
4255,300,71,39,190,13.0000,63.3333
4256,300,76,41,183,13.6667,61.0000
4257,300,74,40,186,13.3333,62.0000
4258,298,76,38,184,12.7517,61.7450
4259,300,84,34,182,11.3333,60.6667
4260,298,85,33,180,11.0738,60.4027
4261,302,93,34,175,11.2583,57.9470
4262,302,92,32,178,10.5960,58.9404
4263,302,95,32,175,10.5960,57.9470
4264,301,97,30,174,9.9668,57.8073
4265,300,97,27,176,9.0000,58.6667
4266,299,97,27,175,9.0301,58.5284
4267,301,100,27,174,8.9701,57.8073
4268,301,106,27,168,8.9701,55.8140
4269,300,111,26,163,8.6667,54.3333
4270,299,114,25,160,8.3612,53.5117
4271,303,119,28,156,9.2409,51.4851
4272,303,125,32,146,10.5611,48.1848
4273,303,123,35,145,11.5512,47.8548
4274,303,126,35,142,11.5512,46.8647
4275,301,126,34,141,11.2957,46.8439
4276,301,131,33,137,10.9635,45.5150
4277,301,132,33,136,10.9635,45.1827
4278,301,131,35,135,11.6279,44.8505
4279,301,138,37,126,12.2924,41.8605
4280,300,138,40,122,13.3333,40.6667
4281,299,138,40,121,13.3779,40.4682
4282,299,138,39,122,13.0435,40.8027
4283,302,141,41,120,13.5762,39.7351
4284,302,138,48,116,15.8940,38.4106
4285,301,138,50,113,16.6113,37.5415
4286,301,138,51,112,16.9435,37.2093
4287,300,143,50,107,16.6667,35.6667
4288,300,148,50,102,16.6667,34.0000
4289,299,152,50,97,16.7224,32.4415
4290,300,156,54,90,18.0000,30.0000
4291,299,153,57,89,19.0635,29.7659
4292,303,158,56,89,18.4818,29.3729
4293,302,158,58,86,19.2053,28.4768
4294,302,157,62,83,20.5298,27.4834
4295,302,158,65,79,21.5232,26.1589
4296,302,157,67,78,22.1854,25.8278
4297,302,154,70,78,23.1788,25.8278
4298,302,154,70,78,23.1788,25.8278
4299,301,151,71,79,23.5880,26.2458
4300,299,149,70,80,23.4114,26.7559
4301,303,148,74,81,24.4224,26.7327
4302,303,147,78,78,25.7426,25.7426
4303,302,146,81,75,26.8212,24.8344
4304,301,143,82,76,27.2425,25.2492
4305,300,142,79,79,26.3333,26.3333
4306,300,144,80,76,26.6667,25.3333
4307,300,142,81,77,27.0000,25.6667
4308,299,137,84,78,28.0936,26.0870
4309,300,134,89,77,29.6667,25.6667
4310,300,130,93,77,31.0000,25.6667
4311,299,127,93,79,31.1037,26.4214
4312,300,126,93,81,31.0000,27.0000
4313,300,120,95,85,31.6667,28.3333
4314,298,119,92,87,30.8725,29.1946
4315,302,119,94,89,31.1258,29.4702
4316,302,119,93,90,30.7947,29.8013
4317,302,118,92,92,30.4636,30.4636
4318,302,119,90,93,29.8013,30.7947
4319,302,115,91,96,30.1325,31.7881
4320,301,112,92,97,30.5648,32.2259
4321,301,106,92,103,30.5648,34.2193
4322,299,103,91,105,30.4348,35.1171
4323,301,104,87,110,28.9037,36.5449
4324,299,100,84,115,28.0936,38.4615
4325,301,98,86,117,28.5714,38.8704
4326,299,93,88,118,29.4314,39.4649
4327,300,91,89,120,29.6667,40.0000
4328,298,90,88,120,29.5302,40.2685
4329,297,89,87,121,29.2929,40.7407
4330,297,89,81,127,27.2727,42.7609
4331,298,88,82,128,27.5168,42.9530
4332,300,90,81,129,27.0000,43.0000
4333,300,88,79,133,26.3333,44.3333
4334,297,89,72,136,24.2424,45.7912
4335,301,93,66,142,21.9269,47.1761
4336,300,91,65,144,21.6667,48.0000
4337,298,91,63,144,21.1409,48.3221
4338,299,92,61,146,20.4013,48.8294
4339,300,95,58,147,19.3333,49.0000
4340,299,95,56,148,18.7291,49.4983
4341,298,94,51,153,17.1141,51.3423
4342,302,98,48,156,15.8940,51.6556
4343,302,96,50,156,16.5563,51.6556
4344,302,95,52,155,17.2185,51.3245
4345,302,98,49,155,16.2252,51.3245
4346,302,98,45,159,14.9007,52.6490
4347,299,98,40,161,13.3779,53.8462
4348,300,101,38,161,12.6667,53.6667
4349,299,100,35,164,11.7057,54.8495
4350,300,99,38,163,12.6667,54.3333
4351,300,99,37,164,12.3333,54.6667
4352,299,99,37,163,12.3746,54.5151
4353,304,104,38,162,12.5000,53.2895
4354,303,103,38,162,12.5413,53.4653
4355,303,103,38,162,12.5413,53.4653
4356,303,104,40,159,13.2013,52.4752
4357,302,108,41,153,13.5762,50.6623
4358,302,106,43,153,14.2384,50.6623
4359,302,106,45,151,14.9007,50.0000
4360,301,102,48,151,15.9468,50.1661
4361,301,102,48,151,15.9468,50.1661
4362,301,100,49,152,16.2791,50.4983
4363,301,101,50,150,16.6113,49.8339
4364,301,103,46,152,15.2824,50.4983
4365,301,104,48,149,15.9468,49.5017
4366,301,108,49,144,16.2791,47.8405
4367,301,108,50,143,16.6113,47.5083
4368,301,108,52,141,17.2757,46.8439
4369,301,108,57,136,18.9369,45.1827
4370,301,107,59,135,19.6013,44.8505
4371,299,105,61,133,20.4013,44.4816
4372,303,108,63,132,20.7921,43.5644
4373,302,108,64,130,21.1921,43.0464
4374,302,108,66,128,21.8543,42.3841
4375,301,111,67,123,22.2591,40.8638
4376,300,114,66,120,22.0000,40.0000
4377,300,114,66,120,22.0000,40.0000
4378,299,112,67,120,22.4080,40.1338
4379,300,109,71,120,23.6667,40.0000
4380,300,110,68,122,22.6667,40.6667
4381,300,107,70,123,23.3333,41.0000
4382,300,110,72,118,24.0000,39.3333
4383,299,104,77,118,25.7525,39.4649
4384,300,103,80,117,26.6667,39.0000
4385,300,105,80,115,26.6667,38.3333
4386,298,108,79,111,26.5101,37.2483
4387,299,108,84,107,28.0936,35.7860
4388,299,106,88,105,29.4314,35.1171
4389,299,103,90,106,30.1003,35.4515
4390,300,105,87,108,29.0000,36.0000
4391,300,100,91,109,30.3333,36.3333
4392,298,98,92,108,30.8725,36.2416
4393,298,100,90,108,30.2013,36.2416
4394,300,99,91,110,30.3333,36.6667
4395,299,95,93,111,31.1037,37.1237
4396,300,93,99,108,33.0000,36.0000
4397,300,92,99,109,33.0000,36.3333
4398,299,93,100,106,33.4448,35.4515
4399,302,95,99,108,32.7815,35.7616
4400,301,90,102,109,33.8870,36.2126
4401,300,89,103,108,34.3333,36.0000
4402,299,88,102,109,34.1137,36.4548
4403,302,87,103,112,34.1060,37.0861
4404,299,86,102,111,34.1137,37.1237
4405,299,86,100,113,33.4448,37.7926
4406,303,83,104,116,34.3234,38.2838
4407,300,80,105,115,35.0000,38.3333
4408,299,80,99,120,33.1104,40.1338
4409,298,79,93,126,31.2081,42.2819
4410,299,78,95,126,31.7726,42.1405
4411,298,74,95,129,31.8792,43.2886
4412,297,73,91,133,30.6397,44.7811
4413,299,72,93,134,31.1037,44.8161
4414,301,71,94,136,31.2292,45.1827
4415,300,71,91,138,30.3333,46.0000
4416,300,74,87,139,29.0000,46.3333
4417,298,69,87,142,29.1946,47.6510
4418,299,67,86,146,28.7625,48.8294
4419,299,67,87,145,29.0970,48.4950
4420,301,67,84,150,27.9070,49.8339
4421,299,61,84,154,28.0936,51.5050
4422,299,63,83,153,27.7592,51.1706
4423,297,64,80,153,26.9360,51.5152
4424,297,66,74,157,24.9158,52.8620
4425,295,69,72,154,24.4068,52.2034
4426,295,66,71,158,24.0678,53.5593
4427,293,67,65,161,22.1843,54.9488
4428,295,65,69,161,23.3898,54.5763
4429,296,66,71,159,23.9865,53.7162
4430,298,71,67,160,22.4832,53.6913
4431,300,74,64,162,21.3333,54.0000
4432,299,74,64,161,21.4047,53.8462
4433,297,78,58,161,19.5286,54.2088
4434,297,82,54,161,18.1818,54.2088
4435,297,83,52,162,17.5084,54.5455
4436,297,81,54,162,18.1818,54.5455
4437,299,84,52,163,17.3913,54.5151
4438,301,87,47,167,15.6146,55.4817
4439,301,88,44,169,14.6179,56.1462
4440,301,87,42,172,13.9535,57.1429
4441,298,86,41,171,13.7584,57.3826
4442,301,94,36,171,11.9601,56.8106
4443,300,95,38,167,12.6667,55.6667
4444,299,96,37,166,12.3746,55.5184
4445,300,100,39,161,13.0000,53.6667
4446,300,104,38,158,12.6667,52.6667
4447,299,102,39,158,13.0435,52.8428
4448,302,104,38,160,12.5828,52.9801
4449,300,106,37,157,12.3333,52.3333
4450,298,106,37,155,12.4161,52.0134
4451,299,110,37,152,12.3746,50.8361
4452,300,111,40,149,13.3333,49.6667
4453,300,111,39,150,13.0000,50.0000
4454,299,111,40,148,13.3779,49.4983
4455,299,117,39,143,13.0435,47.8261
4456,298,120,35,143,11.7450,47.9866
4457,296,121,34,141,11.4865,47.6351
4458,298,123,37,138,12.4161,46.3087
4459,300,120,41,139,13.6667,46.3333
4460,300,126,40,134,13.3333,44.6667
4461,300,129,42,129,14.0000,43.0000
4462,300,129,43,128,14.3333,42.6667
4463,300,130,42,128,14.0000,42.6667
4464,300,130,45,125,15.0000,41.6667
4465,300,131,46,123,15.3333,41.0000
4466,300,132,48,120,16.0000,40.0000
4467,300,133,49,118,16.3333,39.3333
4468,298,135,48,115,16.1074,38.5906
4469,298,138,49,111,16.4430,37.2483
4470,300,143,47,110,15.6667,36.6667
4471,299,141,47,111,15.7191,37.1237
4472,301,148,47,106,15.6146,35.2159
4473,300,145,50,105,16.6667,35.0000
4474,300,144,51,105,17.0000,35.0000
4475,300,143,53,104,17.6667,34.6667
4476,300,148,54,98,18.0000,32.6667
4477,299,147,54,98,18.0602,32.7759
4478,301,146,60,95,19.9336,31.5615
4479,298,146,58,94,19.4631,31.5436
4480,299,145,60,94,20.0669,31.4381
4481,299,142,62,95,20.7358,31.7726
4482,302,148,62,92,20.5298,30.4636
4483,301,143,68,90,22.5914,29.9003
4484,299,145,64,90,21.4047,30.1003
4485,302,148,65,89,21.5232,29.4702
4486,301,145,68,88,22.5914,29.2359
4487,301,142,73,86,24.2525,28.5714
4488,300,136,76,88,25.3333,29.3333
4489,300,135,76,89,25.3333,29.6667
4490,300,138,77,85,25.6667,28.3333
4491,299,135,83,81,27.7592,27.0903
4492,300,134,87,79,29.0000,26.3333
4493,299,130,87,82,29.0970,27.4247
4494,301,133,87,81,28.9037,26.9103
4495,301,122,95,84,31.5615,27.9070
4496,301,116,100,85,33.2226,28.2392
4497,301,108,107,86,35.5482,28.5714
4498,299,109,103,87,34.4482,29.0970
4499,300,108,104,88,34.6667,29.3333
4500,300,104,107,89,35.6667,29.6667
4501,296,100,104,92,35.1351,31.0811
4502,300,102,106,92,35.3333,30.6667
4503,299,99,107,93,35.7860,31.1037
4504,300,99,101,100,33.6667,33.3333
4505,300,102,101,97,33.6667,32.3333
4506,300,91,108,101,36.0000,33.6667
4507,299,84,111,104,37.1237,34.7826
4508,297,83,106,108,35.6902,36.3636
4509,299,80,109,110,36.4548,36.7893
4510,302,82,107,113,35.4305,37.4172
4511,300,78,107,115,35.6667,38.3333
4512,297,76,101,120,34.0067,40.4040
4513,299,76,100,123,33.4448,41.1371
4514,299,77,97,125,32.4415,41.8060
4515,297,77,93,127,31.3131,42.7609
4516,301,80,88,133,29.2359,44.1860
4517,299,76,85,138,28.4281,46.1538
4518,299,79,81,139,27.0903,46.4883
4519,303,83,81,139,26.7327,45.8746
4520,303,84,80,139,26.4026,45.8746
4521,301,79,79,143,26.2458,47.5083
4522,301,79,78,144,25.9136,47.8405
4523,299,80,74,145,24.7492,48.4950
4524,300,82,72,146,24.0000,48.6667
4525,300,82,74,144,24.6667,48.0000
4526,300,82,73,145,24.3333,48.3333
4527,298,82,65,151,21.8121,50.6711
4528,299,81,60,158,20.0669,52.8428
4529,300,82,55,163,18.3333,54.3333
4530,298,81,55,162,18.4564,54.3624
4531,301,85,53,163,17.6080,54.1528
4532,299,82,54,163,18.0602,54.5151
4533,300,83,53,164,17.6667,54.6667
4534,299,82,54,163,18.0602,54.5151
4535,300,83,54,163,18.0000,54.3333
4536,299,83,54,162,18.0602,54.1806
4537,299,84,53,162,17.7258,54.1806
4538,299,87,50,162,16.7224,54.1806
4539,302,87,51,164,16.8874,54.3046
4540,301,90,50,161,16.6113,53.4884
4541,301,92,48,161,15.9468,53.4884
4542,300,91,45,164,15.0000,54.6667
4543,300,88,47,165,15.6667,55.0000
4544,300,89,46,165,15.3333,55.0000
4545,300,92,45,163,15.0000,54.3333
4546,300,92,48,160,16.0000,53.3333
4547,300,93,47,160,15.6667,53.3333
4548,300,89,51,160,17.0000,53.3333
4549,300,88,50,162,16.6667,54.0000
4550,300,89,50,161,16.6667,53.6667
4551,299,90,49,160,16.3880,53.5117
4552,299,92,47,160,15.7191,53.5117
4553,302,97,46,159,15.2318,52.6490
4554,302,95,47,160,15.5629,52.9801
4555,301,97,46,158,15.2824,52.4917
4556,300,102,46,152,15.3333,50.6667
4557,299,101,44,154,14.7157,51.5050
4558,301,103,47,151,15.6146,50.1661
4559,301,106,44,151,14.6179,50.1661
4560,301,109,47,145,15.6146,48.1728
4561,301,111,48,142,15.9468,47.1761
4562,301,108,51,142,16.9435,47.1761
4563,301,109,49,143,16.2791,47.5083
4564,301,111,53,137,17.6080,45.5150
4565,301,113,54,134,17.9402,44.5183
4566,301,114,54,133,17.9402,44.1860
4567,300,119,52,129,17.3333,43.0000
4568,298,124,49,125,16.4430,41.9463
4569,296,127,49,120,16.5541,40.5405
4570,299,129,51,119,17.0569,39.7993
4571,301,130,52,119,17.2757,39.5349
4572,299,130,53,116,17.7258,38.7960
4573,299,134,52,113,17.3913,37.7926
4574,300,137,54,109,18.0000,36.3333
4575,299,136,55,108,18.3946,36.1204
4576,301,140,54,107,17.9402,35.5482
4577,300,139,54,107,18.0000,35.6667
4578,300,138,57,105,19.0000,35.0000
4579,299,142,56,101,18.7291,33.7793
4580,301,149,58,94,19.2691,31.2292
4581,299,151,59,89,19.7324,29.7659
4582,298,151,57,90,19.1275,30.2013
4583,300,153,58,89,19.3333,29.6667
4584,300,149,62,89,20.6667,29.6667
4585,299,147,62,90,20.7358,30.1003
4586,299,140,68,91,22.7425,30.4348
4587,300,138,72,90,24.0000,30.0000
4588,300,133,77,90,25.6667,30.0000
4589,299,130,79,90,26.4214,30.1003
4590,299,126,84,89,28.0936,29.7659
4591,301,125,87,89,28.9037,29.5681
4592,301,117,93,91,30.8970,30.2326
4593,299,117,93,89,31.1037,29.7659
4594,299,119,92,88,30.7692,29.4314
4595,301,115,98,88,32.5581,29.2359
4596,301,113,97,91,32.2259,30.2326
4597,301,107,103,91,34.2193,30.2326
4598,300,103,106,91,35.3333,30.3333
4599,300,98,110,92,36.6667,30.6667
4600,299,94,113,92,37.7926,30.7692
4601,306,98,116,92,37.9085,30.0654
4602,306,96,117,93,38.2353,30.3922
4603,306,96,116,94,37.9085,30.7190
4604,304,91,117,96,38.4868,31.5789
4605,302,90,117,95,38.7417,31.4570
4606,300,83,119,98,39.6667,32.6667
4607,300,76,120,104,40.0000,34.6667
4608,298,71,121,106,40.6040,35.5705
4609,298,66,122,110,40.9396,36.9128
4610,297,65,120,112,40.4040,37.7104
4611,295,66,119,110,40.3390,37.2881
4612,297,64,114,119,38.3838,40.0673
4613,299,61,114,124,38.1271,41.4716
4614,298,57,120,121,40.2685,40.6040
4615,298,59,118,121,39.5973,40.6040
4616,300,60,112,128,37.3333,42.6667
4617,300,60,107,133,35.6667,44.3333
4618,299,59,104,136,34.7826,45.4849
4619,299,56,105,138,35.1171,46.1538
4620,300,63,98,139,32.6667,46.3333
4621,299,61,95,143,31.7726,47.8261
4622,296,61,90,145,30.4054,48.9865
4623,298,62,89,147,29.8658,49.3289
4624,300,60,89,151,29.6667,50.3333
4625,297,60,85,152,28.6195,51.1785
4626,299,61,83,155,27.7592,51.8395
4627,300,65,75,160,25.0000,53.3333
4628,300,65,68,167,22.6667,55.6667
4629,296,65,62,169,20.9459,57.0946
4630,297,66,60,171,20.2020,57.5758
4631,301,72,55,174,18.2724,57.8073
4632,300,70,53,177,17.6667,59.0000
4633,300,71,50,179,16.6667,59.6667
4634,298,71,44,183,14.7651,61.4094
4635,296,69,41,186,13.8514,62.8378
4636,298,73,39,186,13.0872,62.4161
4637,300,77,38,185,12.6667,61.6667
4638,300,76,38,186,12.6667,62.0000
4639,299,75,34,190,11.3712,63.5452
4640,302,80,34,188,11.2583,62.2517
4641,302,81,34,187,11.2583,61.9205
4642,301,81,33,187,10.9635,62.1262
4643,301,84,31,186,10.2990,61.7940
4644,301,86,26,189,8.6379,62.7907
4645,301,87,25,189,8.3056,62.7907
4646,301,88,25,188,8.3056,62.4585
4647,301,89,24,188,7.9734,62.4585
4648,301,92,22,187,7.3090,62.1262
4649,300,93,22,185,7.3333,61.6667
4650,300,94,22,184,7.3333,61.3333
4651,298,96,21,181,7.0470,60.7383
4652,301,101,19,181,6.3123,60.1329
4653,301,104,19,178,6.3123,59.1362
4654,301,107,19,175,6.3123,58.1395
4655,301,110,16,175,5.3156,58.1395
4656,301,115,14,172,4.6512,57.1429
4657,301,116,14,171,4.6512,56.8106
4658,301,120,13,168,4.3189,55.8140
4659,300,127,12,161,4.0000,53.6667
4660,299,129,11,159,3.6789,53.1773
4661,300,136,11,153,3.6667,51.0000
4662,300,138,11,151,3.6667,50.3333
4663,300,140,11,149,3.6667,49.6667
4664,300,149,11,140,3.6667,46.6667
4665,300,153,12,135,4.0000,45.0000
4666,300,153,11,136,3.6667,45.3333
4667,300,157,9,134,3.0000,44.6667
4668,300,163,10,127,3.3333,42.3333
4669,299,169,8,122,2.6756,40.8027
4670,299,174,8,117,2.6756,39.1304
4671,299,177,8,114,2.6756,38.1271
4672,303,186,7,110,2.3102,36.3036
4673,303,190,8,105,2.6403,34.6535
4674,303,193,8,102,2.6403,33.6634
4675,303,196,9,98,2.9703,32.3432
4676,303,200,9,94,2.9703,31.0231
4677,303,202,9,92,2.9703,30.3630
4678,302,204,9,89,2.9801,29.4702
4679,302,209,11,82,3.6424,27.1523
4680,302,217,10,75,3.3113,24.8344
4681,301,219,10,72,3.3223,23.9203
4682,301,221,11,69,3.6545,22.9236
4683,300,226,11,63,3.6667,21.0000
4684,300,228,12,60,4.0000,20.0000
4685,299,230,12,57,4.0134,19.0635
4686,302,233,17,52,5.6291,17.2185
4687,302,234,21,47,6.9536,15.5629
4688,302,236,21,45,6.9536,14.9007
4689,302,234,24,44,7.9470,14.5695
4690,302,232,28,42,9.2715,13.9073
4691,302,235,30,37,9.9338,12.2517
4692,302,234,30,38,9.9338,12.5828
4693,302,231,33,38,10.9272,12.5828
4694,302,230,35,37,11.5894,12.2517
4695,302,231,35,36,11.5894,11.9205
4696,302,234,37,31,12.2517,10.2649
4697,302,230,43,29,14.2384,9.6026
4698,302,222,52,28,17.2185,9.2715
4699,301,217,56,28,18.6047,9.3023
4700,301,215,61,25,20.2658,8.3056
4701,300,209,66,25,22.0000,8.3333
4702,300,202,72,26,24.0000,8.6667
4703,300,197,77,26,25.6667,8.6667
4704,300,196,79,25,26.3333,8.3333
4705,300,192,82,26,27.3333,8.6667
4706,300,186,86,28,28.6667,9.3333
4707,299,183,88,28,29.4314,9.3645
4708,299,172,98,29,32.7759,9.6990
4709,300,169,102,29,34.0000,9.6667
4710,300,162,106,32,35.3333,10.6667
4711,298,153,111,34,37.2483,11.4094
4712,302,151,116,35,38.4106,11.5894
4713,302,141,124,37,41.0596,12.2517
4714,302,132,132,38,43.7086,12.5828
4715,301,118,145,38,48.1728,12.6246
4716,301,109,151,41,50.1661,13.6213
4717,301,96,163,42,54.1528,13.9535
4718,297,91,162,44,54.5455,14.8148
4719,296,85,161,50,54.3919,16.8919
4720,295,80,159,56,53.8983,18.9831
4721,294,76,162,56,55.1020,19.0476
4722,292,68,163,61,55.8219,20.8904
4723,291,62,165,64,56.7010,21.9931
4724,292,58,166,68,56.8493,23.2877
4725,290,51,169,70,58.2759,24.1379
4726,292,45,173,74,59.2466,25.3425
4727,291,39,172,80,59.1065,27.4914
4728,291,37,169,85,58.0756,29.2096
4729,288,34,163,91,56.5972,31.5972
4730,287,30,157,100,54.7038,34.8432
4731,287,27,152,108,52.9617,37.6307
4732,285,28,147,110,51.5789,38.5965
4733,284,26,138,120,48.5915,42.2535
4734,285,28,126,131,44.2105,45.9649
4735,284,27,122,135,42.9577,47.5352
4736,280,25,109,146,38.9286,52.1429
4737,280,25,100,155,35.7143,55.3571
4738,280,27,91,162,32.5000,57.8571
4739,282,30,83,169,29.4326,59.9291
4740,283,31,78,174,27.5618,61.4841
4741,281,31,74,176,26.3345,62.6335
4742,278,33,65,180,23.3813,64.7482
4743,280,35,57,188,20.3571,67.1429
4744,283,39,52,192,18.3746,67.8445
4745,288,45,45,198,15.6250,68.7500
4746,291,47,41,203,14.0893,69.7595
4747,288,48,33,207,11.4583,71.8750
4748,288,49,29,210,10.0694,72.9167
4749,289,51,26,212,8.9965,73.3564
4750,288,54,23,211,7.9861,73.2639
4751,290,56,20,214,6.8966,73.7931
4752,293,59,18,216,6.1433,73.7201
4753,295,60,18,217,6.1017,73.5593
4754,298,63,18,217,6.0403,72.8188
4755,299,64,18,217,6.0201,72.5753
4756,305,70,17,218,5.5738,71.4754
4757,302,71,14,217,4.6358,71.8543
4758,302,73,13,216,4.3046,71.5232
4759,302,76,12,214,3.9735,70.8609
4760,302,79,12,211,3.9735,69.8675
4761,300,80,9,211,3.0000,70.3333
4762,300,84,9,207,3.0000,69.0000
4763,300,84,11,205,3.6667,68.3333
4764,300,86,10,204,3.3333,68.0000
4765,300,88,11,201,3.6667,67.0000
4766,300,90,11,199,3.6667,66.3333
4767,300,90,9,201,3.0000,67.0000
4768,300,93,9,198,3.0000,66.0000
4769,299,94,8,197,2.6756,65.8863
4770,303,101,8,194,2.6403,64.0264
4771,303,109,8,186,2.6403,61.3861
4772,303,114,8,181,2.6403,59.7360
4773,303,114,9,180,2.9703,59.4059
4774,302,119,7,176,2.3179,58.2781
4775,302,122,7,173,2.3179,57.2848
4776,301,127,6,168,1.9934,55.8140
4777,300,128,6,166,2.0000,55.3333
4778,300,131,7,162,2.3333,54.0000
4779,300,137,7,156,2.3333,52.0000
4780,300,142,7,151,2.3333,50.3333
4781,300,148,7,145,2.3333,48.3333
4782,300,157,7,136,2.3333,45.3333
4783,300,165,6,129,2.0000,43.0000
4784,300,168,5,127,1.6667,42.3333
4785,300,178,4,118,1.3333,39.3333
4786,300,187,6,107,2.0000,35.6667
4787,300,191,6,103,2.0000,34.3333
4788,300,202,6,92,2.0000,30.6667
4789,300,209,8,83,2.6667,27.6667
4790,300,216,8,76,2.6667,25.3333
4791,300,222,9,69,3.0000,23.0000
4792,300,226,10,64,3.3333,21.3333
4793,300,228,10,62,3.3333,20.6667
4794,300,231,10,59,3.3333,19.6667
4795,300,237,12,51,4.0000,17.0000
4796,300,241,13,46,4.3333,15.3333
4797,300,246,15,39,5.0000,13.0000
4798,300,247,18,35,6.0000,11.6667
4799,299,251,18,30,6.0201,10.0334
4800,302,256,19,27,6.2914,8.9404
4801,302,255,22,25,7.2848,8.2781
4802,302,253,24,25,7.9470,8.2781
4803,302,249,32,21,10.5960,6.9536
4804,302,249,34,19,11.2583,6.2914
4805,302,247,37,18,12.2517,5.9603
4806,302,246,39,17,12.9139,5.6291
4807,302,244,40,18,13.2450,5.9603
4808,302,239,47,16,15.5629,5.2980
4809,302,236,48,18,15.8940,5.9603
4810,302,235,50,17,16.5563,5.6291
4811,301,229,56,16,18.6047,5.3156
4812,301,223,62,16,20.5980,5.3156
4813,300,215,69,16,23.0000,5.3333
4814,300,206,78,16,26.0000,5.3333
4815,299,196,86,17,28.7625,5.6856
4816,301,194,90,17,29.9003,5.6478
4817,300,187,95,18,31.6667,6.0000
4818,300,177,104,19,34.6667,6.3333
4819,300,172,107,21,35.6667,7.0000
4820,300,167,110,23,36.6667,7.6667
4821,300,158,116,26,38.6667,8.6667
4822,300,147,127,26,42.3333,8.6667
4823,298,141,127,30,42.6174,10.0671
4824,295,131,132,32,44.7458,10.8475
4825,297,123,140,34,47.1380,11.4478
4826,298,114,149,35,50.0000,11.7450
4827,298,105,156,37,52.3490,12.4161
4828,296,96,162,38,54.7297,12.8378
4829,295,93,161,41,54.5763,13.8983
4830,293,86,164,43,55.9727,14.6758
4831,296,85,166,45,56.0811,15.2027
4832,295,83,161,51,54.5763,17.2881
4833,292,81,155,56,53.0822,19.1781
4834,290,75,156,59,53.7931,20.3448
4835,290,76,150,64,51.7241,22.0690
4836,288,70,148,70,51.3889,24.3056
4837,287,68,144,75,50.1742,26.1324
4838,288,67,139,82,48.2639,28.4722
4839,286,66,132,88,46.1538,30.7692
4840,288,65,129,94,44.7917,32.6389
4841,291,67,126,98,43.2990,33.6770
4842,289,66,115,108,39.7924,37.3702
4843,287,61,112,114,39.0244,39.7213
4844,287,61,109,117,37.9791,40.7666
4845,285,59,101,125,35.4386,43.8596
4846,283,58,92,133,32.5088,46.9965
4847,281,57,82,142,29.1815,50.5338
4848,279,58,75,146,26.8817,52.3297
4849,281,57,72,152,25.6228,54.0925
4850,282,58,69,155,24.4681,54.9645
4851,280,56,62,162,22.1429,57.8571
4852,280,56,60,164,21.4286,58.5714
4853,280,56,59,165,21.0714,58.9286
4854,279,55,56,168,20.0717,60.2151
4855,279,54,52,173,18.6380,62.0072
4856,280,55,48,177,17.1429,63.2143
4857,282,55,48,179,17.0213,63.4752
4858,288,62,43,183,14.9306,63.5417
4859,288,65,42,181,14.5833,62.8472
4860,287,62,43,182,14.9826,63.4146
4861,291,68,40,183,13.7457,62.8866
4862,292,70,36,186,12.3288,63.6986
4863,290,68,33,189,11.3793,65.1724
4864,294,71,34,189,11.5646,64.2857
4865,298,75,32,191,10.7383,64.0940
4866,300,78,28,194,9.3333,64.6667
4867,300,78,29,193,9.6667,64.3333
4868,300,79,28,193,9.3333,64.3333
4869,300,79,26,195,8.6667,65.0000
4870,300,79,25,196,8.3333,65.3333
4871,300,83,23,194,7.6667,64.6667
4872,299,85,20,194,6.6890,64.8829
4873,306,94,21,191,6.8627,62.4183
4874,306,93,19,194,6.2092,63.3987
4875,306,95,20,191,6.5359,62.4183
4876,305,97,20,188,6.5574,61.6393
4877,305,98,18,189,5.9016,61.9672
4878,304,98,19,187,6.2500,61.5132
4879,304,100,19,185,6.2500,60.8553
4880,304,100,18,186,5.9211,61.1842
4881,303,102,18,183,5.9406,60.3960
4882,303,104,18,181,5.9406,59.7360
4883,302,104,19,179,6.2914,59.2715
4884,302,107,20,175,6.6225,57.9470
4885,302,111,21,170,6.9536,56.2914
4886,302,113,20,169,6.6225,55.9603
4887,302,119,19,164,6.2914,54.3046
4888,302,126,19,157,6.2914,51.9868
4889,302,131,20,151,6.6225,50.0000
4890,302,135,22,145,7.2848,48.0132
4891,302,139,23,140,7.6159,46.3576
4892,302,144,24,134,7.9470,44.3709
4893,302,147,25,130,8.2781,43.0464
4894,300,153,27,120,9.0000,40.0000
4895,300,158,26,116,8.6667,38.6667
4896,300,160,26,114,8.6667,38.0000
4897,300,166,29,105,9.6667,35.0000
4898,300,174,28,98,9.3333,32.6667
4899,299,183,27,89,9.0301,29.7659
4900,301,185,30,86,9.9668,28.5714
4901,301,187,34,80,11.2957,26.5781
4902,301,189,35,77,11.6279,25.5814
4903,300,194,36,70,12.0000,23.3333
4904,299,192,38,69,12.7090,23.0769
4905,300,192,39,69,13.0000,23.0000
4906,300,193,40,67,13.3333,22.3333
4907,300,195,42,63,14.0000,21.0000
4908,300,193,48,59,16.0000,19.6667
4909,300,191,52,57,17.3333,19.0000
4910,298,190,54,54,18.1208,18.1208
4911,297,188,53,56,17.8451,18.8552
4912,298,187,56,55,18.7919,18.4564
4913,300,187,60,53,20.0000,17.6667
4914,298,185,60,53,20.1342,17.7852
4915,299,186,62,51,20.7358,17.0569
4916,301,185,65,51,21.5947,16.9435
4917,301,182,70,49,23.2558,16.2791
4918,300,178,73,49,24.3333,16.3333
4919,300,172,79,49,26.3333,16.3333
4920,299,166,84,49,28.0936,16.3880
4921,300,164,86,50,28.6667,16.6667
4922,299,160,89,50,29.7659,16.7224
4923,299,159,91,49,30.4348,16.3880
4924,299,157,92,50,30.7692,16.7224
4925,300,155,94,51,31.3333,17.0000
4926,297,156,93,48,31.3131,16.1616
4927,297,152,95,50,31.9865,16.8350
4928,296,151,93,52,31.4189,17.5676
4929,297,151,96,50,32.3232,16.8350
4930,297,149,94,54,31.6498,18.1818
4931,300,145,100,55,33.3333,18.3333
4932,300,140,104,56,34.6667,18.6667
4933,300,135,107,58,35.6667,19.3333
4934,299,130,108,61,36.1204,20.4013
4935,301,126,109,66,36.2126,21.9269
4936,300,120,114,66,38.0000,22.0000
4937,299,112,116,71,38.7960,23.7458
4938,304,115,116,73,38.1579,24.0132
4939,303,109,115,79,37.9538,26.0726
4940,301,98,119,84,39.5349,27.9070
4941,300,94,114,92,38.0000,30.6667
4942,300,86,122,92,40.6667,30.6667
4943,300,81,122,97,40.6667,32.3333
4944,300,74,124,102,41.3333,34.0000
4945,300,67,126,107,42.0000,35.6667
4946,300,63,128,109,42.6667,36.3333
4947,300,64,124,112,41.3333,37.3333
4948,299,63,123,113,41.1371,37.7926
4949,299,62,122,115,40.8027,38.4615
4950,298,60,118,120,39.5973,40.2685
4951,298,61,112,125,37.5839,41.9463
4952,299,60,112,127,37.4582,42.4749
4953,300,58,109,133,36.3333,44.3333
4954,298,58,103,137,34.5638,45.9732
4955,304,62,100,142,32.8947,46.7105
4956,303,59,99,145,32.6733,47.8548
4957,301,57,92,152,30.5648,50.4983
4958,299,54,91,154,30.4348,51.5050
4959,297,53,88,156,29.6296,52.5253
4960,299,55,81,163,27.0903,54.5151
4961,302,58,75,169,24.8344,55.9603
4962,302,58,70,174,23.1788,57.6159
4963,302,53,68,181,22.5166,59.9338
4964,300,51,64,185,21.3333,61.6667
4965,299,52,55,192,18.3946,64.2140
4966,300,55,53,192,17.6667,64.0000
4967,299,56,50,193,16.7224,64.5485
4968,299,55,51,193,17.0569,64.5485
4969,300,56,50,194,16.6667,64.6667
4970,300,58,46,196,15.3333,65.3333
4971,300,57,45,198,15.0000,66.0000
4972,300,58,41,201,13.6667,67.0000
4973,300,61,37,202,12.3333,67.3333
4974,300,62,38,200,12.6667,66.6667
4975,299,63,36,200,12.0401,66.8896
4976,300,67,34,199,11.3333,66.3333
4977,300,67,32,201,10.6667,67.0000
4978,300,67,27,206,9.0000,68.6667
4979,299,69,26,204,8.6957,68.2274
4980,300,73,23,204,7.6667,68.0000
4981,300,74,22,204,7.3333,68.0000
4982,298,78,20,200,6.7114,67.1141
4983,299,82,17,200,5.6856,66.8896
4984,301,88,12,201,3.9867,66.7774
4985,301,89,12,200,3.9867,66.4452
4986,301,92,12,197,3.9867,65.4485
4987,301,97,11,193,3.6545,64.1196
4988,301,98,11,192,3.6545,63.7874
4989,301,103,10,188,3.3223,62.4585
4990,301,106,10,185,3.3223,61.4618
4991,300,113,8,179,2.6667,59.6667
4992,300,117,9,174,3.0000,58.0000
4993,300,124,9,167,3.0000,55.6667
4994,300,125,9,166,3.0000,55.3333
4995,300,131,8,161,2.6667,53.6667
4996,300,136,8,156,2.6667,52.0000
4997,299,141,7,151,2.3411,50.5017
4998,302,145,8,149,2.6490,49.3377
4999,302,150,8,144,2.6490,47.6821
5000,302,152,7,143,2.3179,47.3510
5001,302,154,6,142,1.9868,47.0199
5002,302,161,6,135,1.9868,44.7020
5003,302,166,6,130,1.9868,43.0464
5004,302,169,6,127,1.9868,42.0530
5005,302,174,6,122,1.9868,40.3974
5006,302,179,6,117,1.9868,38.7417
5007,302,184,6,112,1.9868,37.0861
5008,301,187,6,108,1.9934,35.8804
5009,301,195,6,100,1.9934,33.2226
5010,301,198,5,98,1.6611,32.5581
5011,301,201,5,95,1.6611,31.5615
5012,301,208,5,88,1.6611,29.2359
5013,300,214,3,83,1.0000,27.6667
5014,300,219,4,77,1.3333,25.6667
5015,300,228,4,68,1.3333,22.6667
5016,300,231,5,64,1.6667,21.3333
5017,300,237,7,56,2.3333,18.6667
5018,300,240,7,53,2.3333,17.6667
5019,300,242,6,52,2.0000,17.3333
5020,300,241,7,52,2.3333,17.3333
5021,300,242,8,50,2.6667,16.6667
5022,300,247,8,45,2.6667,15.0000
5023,300,247,10,43,3.3333,14.3333
5024,300,251,10,39,3.3333,13.0000
5025,300,256,10,34,3.3333,11.3333
5026,300,256,9,35,3.0000,11.6667
5027,300,255,11,34,3.6667,11.3333
5028,300,256,12,32,4.0000,10.6667
5029,300,257,13,30,4.3333,10.0000
5030,300,262,13,25,4.3333,8.3333
5031,300,262,14,24,4.6667,8.0000
5032,300,263,15,22,5.0000,7.3333
5033,300,263,16,21,5.3333,7.0000
5034,300,261,17,22,5.6667,7.3333
5035,300,259,20,21,6.6667,7.0000
5036,300,261,22,17,7.3333,5.6667
5037,300,257,26,17,8.6667,5.6667
5038,299,255,26,18,8.6957,6.0201
5039,302,259,26,17,8.6093,5.6291
5040,302,255,31,16,10.2649,5.2980
5041,302,253,32,17,10.5960,5.6291
5042,302,250,36,16,11.9205,5.2980
5043,302,250,36,16,11.9205,5.2980
5044,302,248,37,17,12.2517,5.6291
5045,302,245,41,16,13.5762,5.2980
5046,302,245,41,16,13.5762,5.2980
5047,302,242,44,16,14.5695,5.2980
5048,302,231,53,18,17.5497,5.9603
5049,302,227,56,19,18.5430,6.2914
5050,301,218,64,19,21.2625,6.3123
5051,301,214,67,20,22.2591,6.6445
5052,301,206,75,20,24.9169,6.6445
5053,301,200,82,19,27.2425,6.3123
5054,301,197,82,22,27.2425,7.3090
5055,301,194,84,23,27.9070,7.6412
5056,300,185,90,25,30.0000,8.3333
5057,299,178,95,26,31.7726,8.6957
5058,299,173,98,28,32.7759,9.3645
5059,298,161,109,28,36.5772,9.3960
5060,299,155,114,30,38.1271,10.0334
5061,298,150,115,33,38.5906,11.0738
5062,299,144,121,34,40.4682,11.3712
5063,300,139,123,38,41.0000,12.6667
5064,300,129,130,41,43.3333,13.6667
5065,300,117,141,42,47.0000,14.0000
5066,299,108,148,43,49.4983,14.3813
5067,303,106,153,44,50.4950,14.5215
5068,301,101,148,52,49.1694,17.2757
5069,298,94,150,54,50.3356,18.1208
5070,295,89,146,60,49.4915,20.3390
5071,294,86,146,62,49.6599,21.0884
5072,296,82,147,67,49.6622,22.6351
5073,294,74,145,75,49.3197,25.5102
5074,296,70,147,79,49.6622,26.6892
5075,297,67,147,83,49.4949,27.9461
5076,296,65,143,88,48.3108,29.7297
5077,295,61,141,93,47.7966,31.5254
5078,294,60,137,97,46.5986,32.9932
5079,293,58,131,104,44.7099,35.4949
5080,290,55,126,109,43.4483,37.5862
5081,289,56,119,114,41.1765,39.4464
5082,287,55,115,117,40.0697,40.7666
5083,289,56,111,122,38.4083,42.2145
5084,290,58,104,128,35.8621,44.1379
5085,287,59,92,136,32.0557,47.3868
5086,289,63,82,144,28.3737,49.8270
5087,291,64,79,148,27.1478,50.8591
5088,291,65,72,154,24.7423,52.9210
5089,295,70,68,157,23.0508,53.2203
5090,295,70,63,162,21.3559,54.9153
5091,298,73,58,167,19.4631,56.0403
5092,298,73,53,172,17.7852,57.7181
5093,301,79,46,176,15.2824,58.4718
5094,299,77,44,178,14.7157,59.5318
5095,299,76,42,181,14.0468,60.5351
5096,298,76,41,181,13.7584,60.7383
5097,300,79,37,184,12.3333,61.3333
5098,298,78,35,185,11.7450,62.0805
5099,300,82,31,187,10.3333,62.3333
5100,300,83,29,188,9.6667,62.6667
5101,298,83,27,188,9.0604,63.0872
5102,300,85,26,189,8.6667,63.0000
5103,300,85,26,189,8.6667,63.0000
5104,299,84,27,188,9.0301,62.8763
5105,300,85,24,191,8.0000,63.6667
5106,300,86,26,188,8.6667,62.6667
5107,300,87,25,188,8.3333,62.6667
5108,300,88,23,189,7.6667,63.0000
5109,300,89,24,187,8.0000,62.3333
5110,299,89,25,185,8.3612,61.8729
5111,303,93,24,186,7.9208,61.3861
5112,303,94,25,184,8.2508,60.7261
5113,303,97,23,183,7.5908,60.3960
5114,301,99,20,182,6.6445,60.4651
5115,300,102,19,179,6.3333,59.6667
5116,300,105,18,177,6.0000,59.0000
5117,300,107,15,178,5.0000,59.3333
5118,300,107,15,178,5.0000,59.3333
5119,300,107,16,177,5.3333,59.0000
5120,300,115,15,170,5.0000,56.6667
5121,300,114,17,169,5.6667,56.3333
5122,300,119,18,163,6.0000,54.3333
5123,300,121,17,162,5.6667,54.0000
5124,300,126,15,159,5.0000,53.0000
5125,300,134,15,151,5.0000,50.3333
5126,300,138,14,148,4.6667,49.3333
5127,300,139,16,145,5.3333,48.3333
5128,300,143,17,140,5.6667,46.6667
5129,300,148,16,136,5.3333,45.3333
5130,299,152,15,132,5.0167,44.1472
5131,301,161,14,126,4.6512,41.8605
5132,301,162,18,121,5.9801,40.1993
5133,301,167,18,116,5.9801,38.5382
5134,301,170,18,113,5.9801,37.5415
5135,301,171,22,108,7.3090,35.8804
5136,300,174,24,102,8.0000,34.0000
5137,300,181,25,94,8.3333,31.3333
5138,300,187,27,86,9.0000,28.6667
5139,300,189,29,82,9.6667,27.3333
5140,299,192,31,76,10.3679,25.4181
5141,302,199,28,75,9.2715,24.8344
5142,301,203,29,69,9.6346,22.9236
5143,301,203,34,64,11.2957,21.2625
5144,300,208,33,59,11.0000,19.6667
5145,300,210,37,53,12.3333,17.6667
5146,300,205,44,51,14.6667,17.0000
5147,300,204,48,48,16.0000,16.0000
5148,298,201,49,48,16.4430,16.1074
5149,301,201,55,45,18.2724,14.9502
5150,301,194,62,45,20.5980,14.9502
5151,301,189,70,42,23.2558,13.9535
5152,300,188,72,40,24.0000,13.3333
5153,299,182,77,40,25.7525,13.3779
5154,300,181,80,39,26.6667,13.0000
5155,299,175,84,40,28.0936,13.3779
5156,302,175,85,42,28.1457,13.9073
5157,302,171,91,40,30.1325,13.2450
5158,301,166,93,42,30.8970,13.9535
5159,300,158,99,43,33.0000,14.3333
5160,299,152,106,41,35.4515,13.7124
5161,301,147,112,42,37.2093,13.9535
5162,301,142,115,44,38.2060,14.6179
5163,301,134,122,45,40.5316,14.9502
5164,300,124,129,47,43.0000,15.6667
5165,300,120,133,47,44.3333,15.6667
5166,300,116,135,49,45.0000,16.3333
5167,299,110,136,53,45.4849,17.7258
5168,300,109,133,58,44.3333,19.3333
5169,299,102,140,57,46.8227,19.0635
5170,297,101,132,64,44.4444,21.5488
5171,295,96,131,68,44.4068,23.0508
5172,295,94,129,72,43.7288,24.4068
5173,296,95,126,75,42.5676,25.3378
5174,296,91,127,78,42.9054,26.3514
5175,296,89,125,82,42.2297,27.7027
5176,297,87,125,85,42.0875,28.6195
5177,297,83,125,89,42.0875,29.9663
5178,302,87,124,91,41.0596,30.1325
5179,301,82,120,99,39.8671,32.8904
5180,301,78,120,103,39.8671,34.2193
5181,297,73,114,110,38.3838,37.0370
5182,299,76,108,115,36.1204,38.4615
5183,299,75,107,117,35.7860,39.1304
5184,296,70,99,127,33.4459,42.9054
5185,294,70,96,128,32.6531,43.5374
5186,295,69,95,131,32.2034,44.4068
5187,298,70,92,136,30.8725,45.6376
5188,299,71,86,142,28.7625,47.4916
5189,304,75,81,148,26.6447,48.6842
5190,304,74,76,154,25.0000,50.6579
5191,303,70,78,155,25.7426,51.1551
5192,299,67,74,158,24.7492,52.8428
5193,302,73,71,158,23.5099,52.3179
5194,300,68,72,160,24.0000,53.3333
5195,297,64,71,162,23.9057,54.5455
5196,299,65,67,167,22.4080,55.8528
5197,299,65,63,171,21.0702,57.1906
5198,299,65,59,175,19.7324,58.5284
5199,296,64,56,176,18.9189,59.4595
5200,296,63,55,178,18.5811,60.1351
